 #  0.50000000000000000     
   0.0000000000000000        0.0000000000000000        0.0000000000000000     
   0.0000000000000000        6.2500000000000000E-002   0.0000000000000000     
   0.0000000000000000       0.12500000000000000        0.0000000000000000     
   0.0000000000000000       0.18750000000000000        0.0000000000000000     
   0.0000000000000000       0.25000000000000000        0.0000000000000000     
   0.0000000000000000       0.31250000000000000        0.0000000000000000     
   0.0000000000000000       0.37500000000000000        0.0000000000000000     
   0.0000000000000000       0.43750000000000000        0.0000000000000000     
   0.0000000000000000       0.50000000000000000        0.0000000000000000     
   0.0000000000000000       0.56250000000000000        0.0000000000000000     
   0.0000000000000000       0.62500000000000000        0.0000000000000000     
   0.0000000000000000       0.68750000000000000        0.0000000000000000     
   0.0000000000000000       0.75000000000000000        0.0000000000000000     
   0.0000000000000000       0.81250000000000000        0.0000000000000000     
   0.0000000000000000       0.87500000000000000        0.0000000000000000     
   0.0000000000000000       0.93750000000000000        0.0000000000000000     
   0.0000000000000000        1.0000000000000000        0.0000000000000000     
   0.0000000000000000        1.0625000000000000        0.0000000000000000     
   0.0000000000000000        1.1250000000000000        0.0000000000000000     
   0.0000000000000000        1.1875000000000000        0.0000000000000000     
   0.0000000000000000        1.2500000000000000        0.0000000000000000     
   0.0000000000000000        1.3125000000000000        0.0000000000000000     
   0.0000000000000000        1.3750000000000000        0.0000000000000000     
   0.0000000000000000        1.4375000000000000        0.0000000000000000     
   0.0000000000000000        1.5000000000000000        0.0000000000000000     
   0.0000000000000000        1.5625000000000000        0.0000000000000000     
   0.0000000000000000        1.6250000000000000        0.0000000000000000     
   0.0000000000000000        1.6875000000000000        0.0000000000000000     
   0.0000000000000000        1.7500000000000000        0.0000000000000000     
   0.0000000000000000        1.8125000000000000        0.0000000000000000     
   0.0000000000000000        1.8750000000000000        0.0000000000000000     
   0.0000000000000000        1.9375000000000000        0.0000000000000000     
   0.0000000000000000        2.0000000000000000        0.0000000000000000     

   6.2500000000000000E-002   0.0000000000000000        0.0000000000000000     
   6.2500000000000000E-002   6.2500000000000000E-002   0.0000000000000000     
   6.2500000000000000E-002  0.12500000000000000        0.0000000000000000     
   6.2500000000000000E-002  0.18750000000000000        0.0000000000000000     
   6.2500000000000000E-002  0.25000000000000000        0.0000000000000000     
   6.2500000000000000E-002  0.31250000000000000        0.0000000000000000     
   6.2500000000000000E-002  0.37500000000000000        0.0000000000000000     
   6.2500000000000000E-002  0.43750000000000000        0.0000000000000000     
   6.2500000000000000E-002  0.50000000000000000        0.0000000000000000     
   6.2500000000000000E-002  0.56250000000000000        0.0000000000000000     
   6.2500000000000000E-002  0.62500000000000000        0.0000000000000000     
   6.2500000000000000E-002  0.68750000000000000        0.0000000000000000     
   6.2500000000000000E-002  0.75000000000000000        0.0000000000000000     
   6.2500000000000000E-002  0.81250000000000000        0.0000000000000000     
   6.2500000000000000E-002  0.87500000000000000        0.0000000000000000     
   6.2500000000000000E-002  0.93750000000000000        0.0000000000000000     
   6.2500000000000000E-002   1.0000000000000000        0.0000000000000000     
   6.2500000000000000E-002   1.0625000000000000        0.0000000000000000     
   6.2500000000000000E-002   1.1250000000000000        0.0000000000000000     
   6.2500000000000000E-002   1.1875000000000000        0.0000000000000000     
   6.2500000000000000E-002   1.2500000000000000        0.0000000000000000     
   6.2500000000000000E-002   1.3125000000000000        0.0000000000000000     
   6.2500000000000000E-002   1.3750000000000000        0.0000000000000000     
   6.2500000000000000E-002   1.4375000000000000        0.0000000000000000     
   6.2500000000000000E-002   1.5000000000000000        0.0000000000000000     
   6.2500000000000000E-002   1.5625000000000000        0.0000000000000000     
   6.2500000000000000E-002   1.6250000000000000        0.0000000000000000     
   6.2500000000000000E-002   1.6875000000000000        0.0000000000000000     
   6.2500000000000000E-002   1.7500000000000000        0.0000000000000000     
   6.2500000000000000E-002   1.8125000000000000        0.0000000000000000     
   6.2500000000000000E-002   1.8750000000000000        0.0000000000000000     
   6.2500000000000000E-002   1.9375000000000000        0.0000000000000000     
   6.2500000000000000E-002   2.0000000000000000        0.0000000000000000     

  0.12500000000000000        0.0000000000000000        0.0000000000000000     
  0.12500000000000000        6.2500000000000000E-002   0.0000000000000000     
  0.12500000000000000       0.12500000000000000        0.0000000000000000     
  0.12500000000000000       0.18750000000000000        0.0000000000000000     
  0.12500000000000000       0.25000000000000000        0.0000000000000000     
  0.12500000000000000       0.31250000000000000        0.0000000000000000     
  0.12500000000000000       0.37500000000000000        0.0000000000000000     
  0.12500000000000000       0.43750000000000000        0.0000000000000000     
  0.12500000000000000       0.50000000000000000        0.0000000000000000     
  0.12500000000000000       0.56250000000000000        0.0000000000000000     
  0.12500000000000000       0.62500000000000000        0.0000000000000000     
  0.12500000000000000       0.68750000000000000        7.3906419676460059E-022
  0.12500000000000000       0.75000000000000000        3.1040696264113234E-021
  0.12500000000000000       0.81250000000000000        7.0328425133873443E-021
  0.12500000000000000       0.87500000000000000        1.1544397082080127E-020
  0.12500000000000000       0.93750000000000000        1.5568422373442451E-020
  0.12500000000000000        1.0000000000000000        1.8538658904759351E-020
  0.12500000000000000        1.0625000000000000        2.0426557381394609E-020
  0.12500000000000000        1.1250000000000000        2.1488298534714431E-020
  0.12500000000000000        1.1875000000000000        2.2027129143927430E-020
  0.12500000000000000        1.2500000000000000        2.2277583581626163E-020
  0.12500000000000000        1.3125000000000000        2.1646382895984557E-020
  0.12500000000000000        1.3750000000000000        1.9324819072738656E-020
  0.12500000000000000        1.4375000000000000        1.5412531473346439E-020
  0.12500000000000000        1.5000000000000000        1.0906908337724186E-020
  0.12500000000000000        1.5625000000000000        6.8849171590487780E-021
  0.12500000000000000        1.6250000000000000        3.9153484810434261E-021
  0.12500000000000000        1.6875000000000000        2.0276607424240759E-021
  0.12500000000000000        1.7500000000000000        9.6598371055621542E-022
  0.12500000000000000        1.8125000000000000        4.2717196920699969E-022
  0.12500000000000000        1.8750000000000000        1.7672291432289293E-022
  0.12500000000000000        1.9375000000000000        6.8860895459199225E-023
  0.12500000000000000        2.0000000000000000        6.8860895459199225E-023

  0.18750000000000000        0.0000000000000000        0.0000000000000000     
  0.18750000000000000        6.2500000000000000E-002   0.0000000000000000     
  0.18750000000000000       0.12500000000000000        0.0000000000000000     
  0.18750000000000000       0.18750000000000000        0.0000000000000000     
  0.18750000000000000       0.25000000000000000        0.0000000000000000     
  0.18750000000000000       0.31250000000000000        0.0000000000000000     
  0.18750000000000000       0.37500000000000000        0.0000000000000000     
  0.18750000000000000       0.43750000000000000        0.0000000000000000     
  0.18750000000000000       0.50000000000000000        0.0000000000000000     
  0.18750000000000000       0.56250000000000000        0.0000000000000000     
  0.18750000000000000       0.62500000000000000        9.5257163138548508E-021
  0.18750000000000000       0.68750000000000000        1.7652257504274688E-019
  0.18750000000000000       0.75000000000000000        6.6360873702464889E-019
  0.18750000000000000       0.81250000000000000        1.4461698719328390E-018
  0.18750000000000000       0.87500000000000000        2.3292322981565747E-018
  0.18750000000000000       0.93750000000000000        3.1083250306988749E-018
  0.18750000000000000        1.0000000000000000        3.6790725133663585E-018
  0.18750000000000000        1.0625000000000000        4.0398221031609475E-018
  0.18750000000000000        1.1250000000000000        4.2418259142650295E-018
  0.18750000000000000        1.1875000000000000        4.3439838104123902E-018
  0.18750000000000000        1.2500000000000000        4.3818044482723460E-018
  0.18750000000000000        1.3125000000000000        4.2351481046891418E-018
  0.18750000000000000        1.3750000000000000        3.7562365824555120E-018
  0.18750000000000000        1.4375000000000000        2.9767717863694688E-018
  0.18750000000000000        1.5000000000000000        2.0948215825366146E-018
  0.18750000000000000        1.5625000000000000        1.3161097060565038E-018
  0.18750000000000000        1.6250000000000000        7.4548710018064955E-019
  0.18750000000000000        1.6875000000000000        3.8477686623458109E-019
  0.18750000000000000        1.7500000000000000        1.8278501643711177E-019
  0.18750000000000000        1.8125000000000000        8.0630636248608379E-020
  0.18750000000000000        1.8750000000000000        3.3285284167971184E-020
  0.18750000000000000        1.9375000000000000        1.3003724528920606E-020
  0.18750000000000000        2.0000000000000000        1.3003724528920606E-020

  0.25000000000000000        0.0000000000000000        0.0000000000000000     
  0.25000000000000000        6.2500000000000000E-002   0.0000000000000000     
  0.25000000000000000       0.12500000000000000        0.0000000000000000     
  0.25000000000000000       0.18750000000000000        0.0000000000000000     
  0.25000000000000000       0.25000000000000000        0.0000000000000000     
  0.25000000000000000       0.31250000000000000        0.0000000000000000     
  0.25000000000000000       0.37500000000000000        0.0000000000000000     
  0.25000000000000000       0.43750000000000000        0.0000000000000000     
  0.25000000000000000       0.50000000000000000        0.0000000000000000     
  0.25000000000000000       0.56250000000000000        5.9271123730652406E-020
  0.25000000000000000       0.62500000000000000        1.9475444098209474E-018
  0.25000000000000000       0.68750000000000000        1.8839991451982149E-017
  0.25000000000000000       0.75000000000000000        6.3811043428792891E-017
  0.25000000000000000       0.81250000000000000        1.3349246785416751E-016
  0.25000000000000000       0.87500000000000000        2.1059431857459490E-016
  0.25000000000000000       0.93750000000000000        2.7777563395043008E-016
  0.25000000000000000        1.0000000000000000        3.2656398602422529E-016
  0.25000000000000000        1.0625000000000000        3.5720126636444502E-016
  0.25000000000000000        1.1250000000000000        3.7426960022805721E-016
  0.25000000000000000        1.1875000000000000        3.8280659468290570E-016
  0.25000000000000000        1.2500000000000000        3.8488868368433598E-016
  0.25000000000000000        1.3125000000000000        3.6969695829743398E-016
  0.25000000000000000        1.3750000000000000        3.2540767534239499E-016
  0.25000000000000000        1.4375000000000000        2.5598391115028690E-016
  0.25000000000000000        1.5000000000000000        1.7897442963239986E-016
  0.25000000000000000        1.5625000000000000        1.1182468753791419E-016
  0.25000000000000000        1.6250000000000000        6.3046671060348512E-017
  0.25000000000000000        1.6875000000000000        3.2412643226199247E-017
  0.25000000000000000        1.7500000000000000        1.5345296535978689E-017
  0.25000000000000000        1.8125000000000000        6.7493207639771626E-018
  0.25000000000000000        1.8750000000000000        2.7790963371344386E-018
  0.25000000000000000        1.9375000000000000        1.0887483649160222E-018
  0.25000000000000000        2.0000000000000000        1.0887483649160222E-018

  0.31250000000000000        0.0000000000000000        0.0000000000000000     
  0.31250000000000000        6.2500000000000000E-002   0.0000000000000000     
  0.31250000000000000       0.12500000000000000        0.0000000000000000     
  0.31250000000000000       0.18750000000000000        0.0000000000000000     
  0.31250000000000000       0.25000000000000000        0.0000000000000000     
  0.31250000000000000       0.31250000000000000        0.0000000000000000     
  0.31250000000000000       0.37500000000000000        0.0000000000000000     
  0.31250000000000000       0.43750000000000000        0.0000000000000000     
  0.31250000000000000       0.50000000000000000        2.3708449492260967E-019
  0.31250000000000000       0.56250000000000000        1.1185832422650328E-017
  0.31250000000000000       0.62500000000000000        1.7874139884495326E-016
  0.31250000000000000       0.68750000000000000        1.1942978184357497E-015
  0.31250000000000000       0.75000000000000000        3.6651818581100397E-015
  0.31250000000000000       0.81250000000000000        7.3467884643348371E-015
  0.31250000000000000       0.87500000000000000        1.1331746470869177E-014
  0.31250000000000000       0.93750000000000000        1.4754790313753518E-014
  0.31250000000000000        1.0000000000000000        1.7215671024002167E-014
  0.31250000000000000        1.0625000000000000        1.8749287855894936E-014
  0.31250000000000000        1.1250000000000000        1.9598331116962902E-014
  0.31250000000000000        1.1875000000000000        2.0013024598624384E-014
  0.31250000000000000        1.2500000000000000        2.0041257093599751E-014
  0.31250000000000000        1.3125000000000000        1.9109274164563022E-014
  0.31250000000000000        1.3750000000000000        1.6671790384899088E-014
  0.31250000000000000        1.4375000000000000        1.3002772830564781E-014
  0.31250000000000000        1.5000000000000000        9.0223170874867286E-015
  0.31250000000000000        1.5625000000000000        5.6008088642451577E-015
  0.31250000000000000        1.6250000000000000        3.1404298543560699E-015
  0.31250000000000000        1.6875000000000000        1.6069706177066771E-015
  0.31250000000000000        1.7500000000000000        7.5773802452473263E-016
  0.31250000000000000        1.8125000000000000        3.3210984146667437E-016
  0.31250000000000000        1.8750000000000000        1.3633520750139642E-016
  0.31250000000000000        1.9375000000000000        5.3570834117901848E-017
  0.31250000000000000        2.0000000000000000        5.3570834117901848E-017

  0.37500000000000000        0.0000000000000000        0.0000000000000000     
  0.37500000000000000        6.2500000000000000E-002   0.0000000000000000     
  0.37500000000000000       0.12500000000000000        0.0000000000000000     
  0.37500000000000000       0.18750000000000000        0.0000000000000000     
  0.37500000000000000       0.25000000000000000        0.0000000000000000     
  0.37500000000000000       0.31250000000000000        0.0000000000000000     
  0.37500000000000000       0.37500000000000000        0.0000000000000000     
  0.37500000000000000       0.43750000000000000        6.8491076310976128E-019
  0.37500000000000000       0.50000000000000000        4.2120857544740875E-017
  0.37500000000000000       0.56250000000000000        9.4353723187091543E-016
  0.37500000000000000       0.62500000000000000        9.7780482637370281E-015
  0.37500000000000000       0.68750000000000000        5.0468859606471552E-014
  0.37500000000000000       0.75000000000000000        1.4111161661880663E-013
  0.37500000000000000       0.81250000000000000        2.7063221790525422E-013
  0.37500000000000000       0.87500000000000000        4.0743630082806874E-013
  0.37500000000000000       0.93750000000000000        5.2306146246936496E-013
  0.37500000000000000        1.0000000000000000        6.0522413200010174E-013
  0.37500000000000000        1.0625000000000000        6.5597531801226811E-013
  0.37500000000000000        1.1250000000000000        6.8384192633963025E-013
  0.37500000000000000        1.1875000000000000        6.9684692782499955E-013
  0.37500000000000000        1.2500000000000000        6.9437812278761482E-013
  0.37500000000000000        1.3125000000000000        6.5639324265218779E-013
  0.37500000000000000        1.3750000000000000        5.6682798188713260E-013
  0.37500000000000000        1.4375000000000000        4.3771219709035551E-013
  0.37500000000000000        1.5000000000000000        3.0105247241480111E-013
  0.37500000000000000        1.5625000000000000        1.8547641962303927E-013
  0.37500000000000000        1.6250000000000000        1.0332975619598150E-013
  0.37500000000000000        1.6875000000000000        5.2582902149707520E-014
  0.37500000000000000        1.7500000000000000        2.4676374986917630E-014
  0.37500000000000000        1.8125000000000000        1.0770409063530326E-014
  0.37500000000000000        1.8750000000000000        4.4055405875999918E-015
  0.37500000000000000        1.9375000000000000        1.7366655971896289E-015
  0.37500000000000000        2.0000000000000000        1.7366655971896289E-015

  0.43750000000000000        0.0000000000000000        0.0000000000000000     
  0.43750000000000000        6.2500000000000000E-002   0.0000000000000000     
  0.43750000000000000       0.12500000000000000        0.0000000000000000     
  0.43750000000000000       0.18750000000000000        0.0000000000000000     
  0.43750000000000000       0.25000000000000000        0.0000000000000000     
  0.43750000000000000       0.31250000000000000        0.0000000000000000     
  0.43750000000000000       0.37500000000000000        1.5220239180216919E-018
  0.43750000000000000       0.43750000000000000        1.1538501213314613E-016
  0.43750000000000000       0.50000000000000000        3.3312308097319689E-015
  0.43750000000000000       0.56250000000000000        4.7226906542346107E-014
  0.43750000000000000       0.62500000000000000        3.5774002823253491E-013
  0.43750000000000000       0.68750000000000000        1.5150891962659780E-012
  0.43750000000000000       0.75000000000000000        3.8822088893485181E-012
  0.43750000000000000       0.81250000000000000        7.1193143501248045E-012
  0.43750000000000000       0.87500000000000000        1.0448452063409661E-011
  0.43750000000000000       0.93750000000000000        1.3211824079217288E-011
  0.43750000000000000        1.0000000000000000        1.5149751940860909E-011
  0.43750000000000000        1.0625000000000000        1.6334616878404088E-011
  0.43750000000000000        1.1250000000000000        1.6977739203110182E-011
  0.43750000000000000        1.1875000000000000        1.7253756320038123E-011
  0.43750000000000000        1.2500000000000000        1.7088855135218188E-011
  0.43750000000000000        1.3125000000000000        1.5993100101288418E-011
  0.43750000000000000        1.3750000000000000        1.3650401933763240E-011
  0.43750000000000000        1.4375000000000000        1.0422436715197323E-011
  0.43750000000000000        1.5000000000000000        7.0965472704357851E-012
  0.43750000000000000        1.5625000000000000        4.3342768430226917E-012
  0.43750000000000000        1.6250000000000000        2.3967054815994654E-012
  0.43750000000000000        1.6875000000000000        1.2118386043183073E-012
  0.43750000000000000        1.7500000000000000        5.6553420288828167E-013
  0.43750000000000000        1.8125000000000000        2.4563184875686739E-013
  0.43750000000000000        1.8750000000000000        1.0005405658915756E-013
  0.43750000000000000        1.9375000000000000        3.9577703540413641E-014
  0.43750000000000000        2.0000000000000000        3.9577703540413641E-014

  0.50000000000000000        0.0000000000000000        0.0000000000000000     
  0.50000000000000000        6.2500000000000000E-002   0.0000000000000000     
  0.50000000000000000       0.12500000000000000        0.0000000000000000     
  0.50000000000000000       0.18750000000000000        0.0000000000000000     
  0.50000000000000000       0.25000000000000000        0.0000000000000000     
  0.50000000000000000       0.31250000000000000        2.7058202987052299E-018
  0.50000000000000000       0.37500000000000000        2.4383748883557853E-016
  0.50000000000000000       0.43750000000000000        8.6230690033408923E-015
  0.50000000000000000       0.50000000000000000        1.5564736163083676E-013
  0.50000000000000000       0.56250000000000000        1.5741777792965637E-012
  0.50000000000000000       0.62500000000000000        9.3310166556314186E-012
  0.50000000000000000       0.68750000000000000        3.3691657817213062E-011
  0.50000000000000000       0.75000000000000000        7.9628624532665742E-011
  0.50000000000000000       0.81250000000000000        1.3969232211177626E-010
  0.50000000000000000       0.87500000000000000        1.9974040186679713E-010
  0.50000000000000000       0.93750000000000000        2.4861630264684636E-010
  0.50000000000000000        1.0000000000000000        2.8239823305564194E-010
  0.50000000000000000        1.0625000000000000        3.0281438644655624E-010
  0.50000000000000000        1.1250000000000000        3.1370651221617321E-010
  0.50000000000000000        1.1875000000000000        3.1771059665109458E-010
  0.50000000000000000        1.2500000000000000        3.1240601704206403E-010
  0.50000000000000000        1.3125000000000000        2.8907688724594956E-010
  0.50000000000000000        1.3750000000000000        2.4354689173216951E-010
  0.50000000000000000        1.4375000000000000        1.8363484221495633E-010
  0.50000000000000000        1.5000000000000000        1.2364044189198227E-010
  0.50000000000000000        1.5625000000000000        7.4782677177541924E-011
  0.50000000000000000        1.6250000000000000        4.1006381361507377E-011
  0.50000000000000000        1.6875000000000000        2.0583679982199383E-011
  0.50000000000000000        1.7500000000000000        9.5450811982405087E-012
  0.50000000000000000        1.8125000000000000        4.1226512253124286E-012
  0.50000000000000000        1.8750000000000000        1.6713440828923735E-012
  0.50000000000000000        1.9375000000000000        6.6354260010516483E-013
  0.50000000000000000        2.0000000000000000        6.6354260010516483E-013

  0.56250000000000000        0.0000000000000000        0.0000000000000000     
  0.56250000000000000        6.2500000000000000E-002   0.0000000000000000     
  0.56250000000000000       0.12500000000000000        0.0000000000000000     
  0.56250000000000000       0.18750000000000000        0.0000000000000000     
  0.56250000000000000       0.25000000000000000        3.9513566266806530E-018
  0.56250000000000000       0.31250000000000000        4.1257914171175485E-016
  0.56250000000000000       0.37500000000000000        1.7274501781673927E-014
  0.56250000000000000       0.43750000000000000        3.7924065146144662E-013
  0.56250000000000000       0.50000000000000000        4.8210131923695982E-012
  0.56250000000000000       0.56250000000000000        3.7274549361425014E-011
  0.56250000000000000       0.62500000000000000        1.8103686047894127E-010
  0.56250000000000000       0.68750000000000000        5.7254458908880115E-010
  0.56250000000000000       0.75000000000000000        1.2567788676645498E-009
  0.56250000000000000       0.81250000000000000        2.1123705797671511E-009
  0.56250000000000000       0.87500000000000000        2.9431714340965721E-009
  0.56250000000000000       0.93750000000000000        3.6055865041276229E-009
  0.56250000000000000        1.0000000000000000        4.0563672931445650E-009
  0.56250000000000000        1.0625000000000000        4.3252449485104423E-009
  0.56250000000000000        1.1250000000000000        4.4648806320340364E-009
  0.56250000000000000        1.1875000000000000        4.5026121376079794E-009
  0.56250000000000000        1.2500000000000000        4.3903634774294787E-009
  0.56250000000000000        1.3125000000000000        4.0120292655798517E-009
  0.56250000000000000        1.3750000000000000        3.3329639071502026E-009
  0.56250000000000000        1.4375000000000000        2.4792887992926287E-009
  0.56250000000000000        1.5000000000000000        1.6491633515769532E-009
  0.56250000000000000        1.5625000000000000        9.8697517429771534E-010
  0.56250000000000000        1.6250000000000000        5.3625087885885583E-010
  0.56250000000000000        1.6875000000000000        2.6703404082567066E-010
  0.56250000000000000        1.7500000000000000        1.2296343330534842E-010
  0.56250000000000000        1.8125000000000000        5.2781049016241177E-011
  0.56250000000000000        1.8750000000000000        2.1286339255699303E-011
  0.56250000000000000        1.9375000000000000        8.4830144815145534E-012
  0.56250000000000000        2.0000000000000000        8.4830144815145534E-012

  0.62500000000000000        0.0000000000000000        0.0000000000000000     
  0.62500000000000000        6.2500000000000000E-002   0.0000000000000000     
  0.62500000000000000       0.12500000000000000        0.0000000000000000     
  0.62500000000000000       0.18750000000000000        4.8294358770541321E-018
  0.62500000000000000       0.25000000000000000        5.7327933108959435E-016
  0.62500000000000000       0.31250000000000000        2.7735830542597555E-014
  0.62500000000000000       0.37500000000000000        7.1764752002020698E-013
  0.62500000000000000       0.43750000000000000        1.1010752956714491E-011
  0.62500000000000000       0.50000000000000000        1.0561935360741342E-010
  0.62500000000000000       0.56250000000000000        6.5489111503829474E-010
  0.62500000000000000       0.62500000000000000        2.6966500424776379E-009
  0.62500000000000000       0.68750000000000000        7.6238893426847650E-009
  0.62500000000000000       0.75000000000000000        1.5650853134120357E-008
  0.62500000000000000       0.81250000000000000        2.5260753724441010E-008
  0.62500000000000000       0.87500000000000000        3.4322517153979662E-008
  0.62500000000000000       0.93750000000000000        4.1395979516268910E-008
  0.62500000000000000        1.0000000000000000        4.6131693286016673E-008
  0.62500000000000000        1.0625000000000000        4.8913962144984927E-008
  0.62500000000000000        1.1250000000000000        5.0297953270755941E-008
  0.62500000000000000        1.1875000000000000        5.0462535251227716E-008
  0.62500000000000000        1.2500000000000000        4.8738838870978316E-008
  0.62500000000000000        1.3125000000000000        4.3943662350342678E-008
  0.62500000000000000        1.3750000000000000        3.5968206230824122E-008
  0.62500000000000000        1.4375000000000000        2.6377301665062578E-008
  0.62500000000000000        1.5000000000000000        1.7322199195333337E-008
  0.62500000000000000        1.5625000000000000        1.0250941519180874E-008
  0.62500000000000000        1.6250000000000000        5.5152551443124702E-009
  0.62500000000000000        1.6875000000000000        2.7229151260302576E-009
  0.62500000000000000        1.7500000000000000        1.2443821581485701E-009
  0.62500000000000000        1.8125000000000000        5.3056058136604037E-010
  0.62500000000000000        1.8750000000000000        2.1277687294596707E-010
  0.62500000000000000        1.9375000000000000        8.5122736263448122E-011
  0.62500000000000000        2.0000000000000000        8.5122736263448122E-011

  0.68750000000000000        0.0000000000000000        0.0000000000000000     
  0.68750000000000000        6.2500000000000000E-002   0.0000000000000000     
  0.68750000000000000       0.12500000000000000        5.0083038725005820E-018
  0.68750000000000000       0.18750000000000000        6.6603876631523702E-016
  0.68750000000000000       0.25000000000000000        3.6561897677545453E-014
  0.68750000000000000       0.31250000000000000        1.0897081388032171E-012
  0.68750000000000000       0.37500000000000000        1.9605760728601947E-011
  0.68750000000000000       0.43750000000000000        2.2516333297859490E-010
  0.68750000000000000       0.50000000000000000        1.7104522323610355E-009
  0.68750000000000000       0.56250000000000000        8.8218626416917661E-009
  0.68750000000000000       0.62500000000000000        3.1622665194984550E-008
  0.68750000000000000       0.68750000000000000        8.1213659768340856E-008
  0.68750000000000000       0.75000000000000000        1.5695194916139447E-007
  0.68750000000000000       0.81250000000000000        2.4391154916707325E-007
  0.68750000000000000       0.87500000000000000        3.2356322066749839E-007
  0.68750000000000000       0.93750000000000000        3.8441760665182197E-007
  0.68750000000000000        1.0000000000000000        4.2447555608704182E-007
  0.68750000000000000        1.0625000000000000        4.4758428308422680E-007
  0.68750000000000000        1.1250000000000000        4.5830676487056775E-007
  0.68750000000000000        1.1875000000000000        4.5703363354080799E-007
  0.68750000000000000        1.2500000000000000        4.3681286486961889E-007
  0.68750000000000000        1.3125000000000000        3.8828541629670218E-007
  0.68750000000000000        1.3750000000000000        3.1295927138243328E-007
  0.68750000000000000        1.4375000000000000        2.2615078899262316E-007
  0.68750000000000000        1.5000000000000000        1.4655179625202671E-007
  0.68750000000000000        1.5625000000000000        8.5713932930763425E-008
  0.68750000000000000        1.6250000000000000        4.5643090980375199E-008
  0.68750000000000000        1.6875000000000000        2.2330539374781290E-008
  0.68750000000000000        1.7500000000000000        1.0123292567049162E-008
  0.68750000000000000        1.8125000000000000        4.2853450490256333E-009
  0.68750000000000000        1.8750000000000000        1.7084463115849373E-009
  0.68750000000000000        1.9375000000000000        6.8609848126959236E-010
  0.68750000000000000        2.0000000000000000        6.8609848126959236E-010

  0.75000000000000000        0.0000000000000000        4.4518256644449609E-018
  0.75000000000000000        6.2500000000000000E-002   4.4518256644449609E-018
  0.75000000000000000       0.12500000000000000        6.5556799595667932E-016
  0.75000000000000000       0.18750000000000000        4.0256797241322427E-014
  0.75000000000000000       0.25000000000000000        1.3582445223882829E-012
  0.75000000000000000       0.31250000000000000        2.8049629363151620E-011
  0.75000000000000000       0.37500000000000000        3.7573116364732429E-010
  0.75000000000000000       0.43750000000000000        3.3901163915395429E-009
  0.75000000000000000       0.50000000000000000        2.1173762656605966E-008
  0.75000000000000000       0.56250000000000000        9.3504427631065011E-008
  0.75000000000000000       0.62500000000000000        2.9794227384508151E-007
  0.75000000000000000       0.68750000000000000        7.0413344804725264E-007
  0.75000000000000000       0.75000000000000000        1.2888431086281477E-006
  0.75000000000000000       0.81250000000000000        1.9339183577863162E-006
  0.75000000000000000       0.87500000000000000        2.5081768703423027E-006
  0.75000000000000000       0.93750000000000000        2.9375709185154587E-006
  0.75000000000000000        1.0000000000000000        3.2152750427858224E-006
  0.75000000000000000        1.0625000000000000        3.3717996541890254E-006
  0.75000000000000000        1.1250000000000000        3.4365928618896574E-006
  0.75000000000000000        1.1875000000000000        3.4033644929113209E-006
  0.75000000000000000        1.2500000000000000        3.2160578329990503E-006
  0.75000000000000000        1.3125000000000000        2.8168746548753643E-006
  0.75000000000000000        1.3750000000000000        2.2348621627288707E-006
  0.75000000000000000        1.4375000000000000        1.5907697054549278E-006
  0.75000000000000000        1.5000000000000000        1.0168507780983339E-006
  0.75000000000000000        1.5625000000000000        5.8754310913075296E-007
  0.75000000000000000        1.6250000000000000        3.0952730705229880E-007
  0.75000000000000000        1.6875000000000000        1.4999935850603781E-007
  0.75000000000000000        1.7500000000000000        6.7425886627834857E-008
  0.75000000000000000        1.8125000000000000        2.8326485821607798E-008
  0.75000000000000000        1.8750000000000000        1.1222942793875658E-008
  0.75000000000000000        1.9375000000000000        4.5239165512560303E-009
  0.75000000000000000        2.0000000000000000        4.5239165512560303E-009

  0.81250000000000000        0.0000000000000000        5.5473737311242477E-016
  0.81250000000000000        6.2500000000000000E-002   5.5473737311242477E-016
  0.81250000000000000       0.12500000000000000        3.7490912166860931E-014
  0.81250000000000000       0.18750000000000000        1.4125040109626963E-012
  0.81250000000000000       0.25000000000000000        3.2935379647058163E-011
  0.81250000000000000       0.31250000000000000        5.0447073826174343E-010
  0.81250000000000000       0.37500000000000000        5.2803759835673010E-009
  0.81250000000000000       0.43750000000000000        3.8877578129249185E-008
  0.81250000000000000       0.50000000000000000        2.0573505251747748E-007
  0.81250000000000000       0.56250000000000000        7.9615384037450688E-007
  0.81250000000000000       0.62500000000000000        2.2931849456012319E-006
  0.81250000000000000       0.68750000000000000        5.0402705956604333E-006
  0.81250000000000000       0.75000000000000000        8.7856772371470465E-006
  0.81250000000000000       0.81250000000000000        1.2763897025950853E-005
  0.81250000000000000       0.87500000000000000        1.6208132959842858E-005
  0.81250000000000000       0.93750000000000000        1.8728667129452600E-005
  0.81250000000000000        1.0000000000000000        2.0328536622889058E-005
  0.81250000000000000        1.0625000000000000        2.1202717574272742E-005
  0.81250000000000000        1.1250000000000000        2.1500131826375222E-005
  0.81250000000000000        1.1875000000000000        2.1127295837587025E-005
  0.81250000000000000        1.2500000000000000        1.9724728477789352E-005
  0.81250000000000000        1.3125000000000000        1.7015974733739505E-005
  0.81250000000000000        1.3750000000000000        1.3285213889104962E-005
  0.81250000000000000        1.4375000000000000        9.3122943960778671E-006
  0.81250000000000000        1.5000000000000000        5.8698547590708342E-006
  0.81250000000000000        1.5625000000000000        3.3494519249766463E-006
  0.81250000000000000        1.6250000000000000        1.7449974993456921E-006
  0.81250000000000000        1.6875000000000000        8.3727769772609041E-007
  0.81250000000000000        1.7500000000000000        3.7302426941345945E-007
  0.81250000000000000        1.8125000000000000        1.5546270163767017E-007
  0.81250000000000000        1.8750000000000000        6.1194228852047970E-008
  0.81250000000000000        1.9375000000000000        2.4755127272065609E-008
  0.81250000000000000        2.0000000000000000        2.4755127272065609E-008

  0.87500000000000000        0.0000000000000000        3.0122206946172072E-014
  0.87500000000000000        6.2500000000000000E-002   3.0122206946172072E-014
  0.87500000000000000       0.12500000000000000        1.2402605088903354E-012
  0.87500000000000000       0.18750000000000000        3.2227145292763325E-011
  0.87500000000000000       0.25000000000000000        5.5576157548131110E-010
  0.87500000000000000       0.31250000000000000        6.6261943535567277E-009
  0.87500000000000000       0.37500000000000000        5.6305255801139066E-008
  0.87500000000000000       0.43750000000000000        3.4881623449424708E-007
  0.87500000000000000       0.50000000000000000        1.6024990010304042E-006
  0.87500000000000000       0.56250000000000000        5.5371927866072269E-006
  0.87500000000000000       0.62500000000000000        1.4614788755819250E-005
  0.87500000000000000       0.68750000000000000        3.0138742001073900E-005
  0.87500000000000000       0.75000000000000000        5.0273151000490315E-005
  0.87500000000000000       0.81250000000000000        7.0901506964464174E-005
  0.87500000000000000       0.87500000000000000        8.8282162574676384E-005
  0.87500000000000000       0.93750000000000000        1.0072983140588227E-004
  0.87500000000000000        1.0000000000000000        1.0847092983896874E-004
  0.87500000000000000        1.0625000000000000        1.1252241674285227E-004
  0.87500000000000000        1.1250000000000000        1.1346305519042876E-004
  0.87500000000000000        1.1875000000000000        1.1054569694251011E-004
  0.87500000000000000        1.2500000000000000        1.0190558237793588E-004
  0.87500000000000000        1.3125000000000000        8.6557642032657770E-005
  0.87500000000000000        1.3750000000000000        6.6489965175975756E-005
  0.87500000000000000        1.4375000000000000        4.5885565488973700E-005
  0.87500000000000000        1.5000000000000000        2.8512602865429789E-005
  0.87500000000000000        1.5625000000000000        1.6061557469108752E-005
  0.87500000000000000        1.6250000000000000        8.2716285899203504E-006
  0.87500000000000000        1.6875000000000000        3.9278889412445601E-006
  0.87500000000000000        1.7500000000000000        1.7336520049104374E-006
  0.87500000000000000        1.8125000000000000        7.1644658733553701E-007
  0.87500000000000000        1.8750000000000000        2.8008920646286205E-007
  0.87500000000000000        1.9375000000000000        1.1367993958195924E-007
  0.87500000000000000        2.0000000000000000        1.1367993958195924E-007

  0.93750000000000000        0.0000000000000000        9.4342757622475274E-013
  0.93750000000000000        6.2500000000000000E-002   9.4342757622475274E-013
  0.93750000000000000       0.12500000000000000        2.6574134746824333E-011
  0.93750000000000000       0.18750000000000000        5.0953624679789133E-010
  0.93750000000000000       0.25000000000000000        6.8200580936122197E-009
  0.93750000000000000       0.31250000000000000        6.5766992555224585E-008
  0.93750000000000000       0.37500000000000000        4.6797454185016266E-007
  0.93750000000000000       0.43750000000000000        2.5010793272708796E-006
  0.93750000000000000       0.50000000000000000        1.0175059400488839E-005
  0.93750000000000000       0.56250000000000000        3.1878892680918804E-005
  0.93750000000000000       0.62500000000000000        7.7974643813329779E-005
  0.93750000000000000       0.68750000000000000        1.5199699088621382E-004
  0.93750000000000000       0.75000000000000000        2.4367910322103039E-004
  0.93750000000000000       0.81250000000000000        3.3443924483026220E-004
  0.93750000000000000       0.87500000000000000        4.0890379757185140E-004
  0.93750000000000000       0.93750000000000000        4.6108097882900732E-004
  0.93750000000000000        1.0000000000000000        4.9278718916459573E-004
  0.93750000000000000        1.0625000000000000        5.0839252021470614E-004
  0.93750000000000000        1.1250000000000000        5.0951443157562688E-004
  0.93750000000000000        1.1875000000000000        4.9184270774775736E-004
  0.93750000000000000        1.2500000000000000        4.4746350238796553E-004
  0.93750000000000000        1.3125000000000000        3.7412554664140705E-004
  0.93750000000000000        1.3750000000000000        2.8270076119761464E-004
  0.93750000000000000        1.4375000000000000        1.9203194717887876E-004
  0.93750000000000000        1.5000000000000000        1.1759231460161789E-004
  0.93750000000000000        1.5625000000000000        6.5366359907344864E-005
  0.93750000000000000        1.6250000000000000        3.3261127779520430E-005
  0.93750000000000000        1.6875000000000000        1.5623657868577623E-005
  0.93750000000000000        1.7500000000000000        6.8281011283967246E-006
  0.93750000000000000        1.8125000000000000        2.7966578091684782E-006
  0.93750000000000000        1.8750000000000000        1.0854541406014325E-006
  0.93750000000000000        1.9375000000000000        4.4184793004318059E-007
  0.93750000000000000        2.0000000000000000        4.4184793004318059E-007

   1.0000000000000000        0.0000000000000000        1.9075467993396221E-011
   1.0000000000000000        6.2500000000000000E-002   1.9075467993396221E-011
   1.0000000000000000       0.12500000000000000        3.9283872942583604E-010
   1.0000000000000000       0.18750000000000000        5.8323207618859098E-009
   1.0000000000000000       0.25000000000000000        6.2963176918061407E-008
   1.0000000000000000       0.31250000000000000        5.0667504158483723E-007
   1.0000000000000000       0.37500000000000000        3.0966366234630031E-006
   1.0000000000000000       0.43750000000000000        1.4572826129459757E-005
   1.0000000000000000       0.50000000000000000        5.3366364069784747E-005
   1.0000000000000000       0.56250000000000000        1.5355141972071406E-004
   1.0000000000000000       0.62500000000000000        3.5136529385776968E-004
   1.0000000000000000       0.68750000000000000        6.5157599093895215E-004
   1.0000000000000000       0.75000000000000000        1.0078723616340271E-003
   1.0000000000000000       0.81250000000000000        1.3491969603724189E-003
   1.0000000000000000       0.87500000000000000        1.6220076395992639E-003
   1.0000000000000000       0.93750000000000000        1.8089223344832763E-003
   1.0000000000000000        1.0000000000000000        1.9194503449406113E-003
   1.0000000000000000        1.0625000000000000        1.9691643746457231E-003
   1.0000000000000000        1.1250000000000000        1.9604770123347009E-003
   1.0000000000000000        1.1875000000000000        1.8739292510353157E-003
   1.0000000000000000        1.2500000000000000        1.6818593023405926E-003
   1.0000000000000000        1.3125000000000000        1.3839166616766670E-003
   1.0000000000000000        1.3750000000000000        1.0284652877353261E-003
   1.0000000000000000        1.4375000000000000        6.8743439915744321E-004
   1.0000000000000000        1.5000000000000000        4.1466758866493594E-004
   1.0000000000000000        1.5625000000000000        2.2734185420854609E-004
   1.0000000000000000        1.6250000000000000        1.1423404765653867E-004
   1.0000000000000000        1.6875000000000000        5.3046902263772694E-005
   1.0000000000000000        1.7500000000000000        2.2941883545242089E-005
   1.0000000000000000        1.8125000000000000        9.3074437805673012E-006
   1.0000000000000000        1.8750000000000000        3.5846915098685922E-006
   1.0000000000000000        1.9375000000000000        1.4627603389375639E-006
   1.0000000000000000        2.0000000000000000        1.4627603389375639E-006

   1.0625000000000000        0.0000000000000000        2.6511139296249093E-010
   1.0625000000000000        6.2500000000000000E-002   2.6511139296249093E-010
   1.0625000000000000       0.12500000000000000        4.1839841572353517E-009
   1.0625000000000000       0.18750000000000000        4.9981990479797823E-008
   1.0625000000000000       0.25000000000000000        4.4910117707270910E-007
   1.0625000000000000       0.31250000000000000        3.0941713380350764E-006
   1.0625000000000000       0.37500000000000000        1.6585101965836997E-005
   1.0625000000000000       0.43750000000000000        6.9902758527395892E-005
   1.0625000000000000       0.50000000000000000        2.3360784783026068E-004
   1.0625000000000000       0.56250000000000000        6.2401364665836225E-004
   1.0625000000000000       0.62500000000000000        1.3467359541214819E-003
   1.0625000000000000       0.68750000000000000        2.3891635703316132E-003
   1.0625000000000000       0.75000000000000000        3.5782102163240889E-003
   1.0625000000000000       0.81250000000000000        4.6819235795764937E-003
   1.0625000000000000       0.87500000000000000        5.5414732133863423E-003
   1.0625000000000000       0.93750000000000000        6.1166899720569530E-003
   1.0625000000000000        1.0000000000000000        6.4456987701390174E-003
   1.0625000000000000        1.0625000000000000        6.5746962043240998E-003
   1.0625000000000000        1.1250000000000000        6.4994259900185347E-003
   1.0625000000000000        1.1875000000000000        6.1485733161315333E-003
   1.0625000000000000        1.2500000000000000        5.4423206916483511E-003
   1.0625000000000000        1.3125000000000000        4.4063287047779948E-003
   1.0625000000000000        1.3750000000000000        3.2196541542898948E-003
   1.0625000000000000        1.4375000000000000        2.1167284187264628E-003
   1.0625000000000000        1.5000000000000000        1.2570587608485143E-003
   1.0625000000000000        1.5625000000000000        6.7928653224279289E-004
   1.0625000000000000        1.6250000000000000        3.3681448775560078E-004
   1.0625000000000000        1.6875000000000000        1.5450775750505506E-004
   1.0625000000000000        1.7500000000000000        6.6076382592678956E-005
   1.0625000000000000        1.8125000000000000        2.6533527653547844E-005
   1.0625000000000000        1.8750000000000000        1.0134334435986349E-005
   1.0625000000000000        1.9375000000000000        4.1427890586747611E-006
   1.0625000000000000        2.0000000000000000        4.1427890586747611E-006

   1.1250000000000000        0.0000000000000000        2.6430393445815764E-009
   1.1250000000000000        6.2500000000000000E-002   2.6430393445815764E-009
   1.1250000000000000       0.12500000000000000        3.3188547535054617E-008
   1.1250000000000000       0.18750000000000000        3.2921310912074309E-007
   1.1250000000000000       0.25000000000000000        2.5264466694322467E-006
   1.1250000000000000       0.31250000000000000        1.5221414004763560E-005
   1.1250000000000000       0.37500000000000000        7.2810573012782652E-005
   1.1250000000000000       0.43750000000000000        2.7881513308602860E-004
   1.1250000000000000       0.50000000000000000        8.6035440697175309E-004
   1.1250000000000000       0.56250000000000000        2.1537206250939536E-003
   1.1250000000000000       0.62500000000000000        4.4154543210806665E-003
   1.1250000000000000       0.68750000000000000        7.5315137078934792E-003
   1.1250000000000000       0.75000000000000000        1.0956656573218577E-002
   1.1250000000000000       0.81250000000000000        1.4040325471469817E-002
   1.1250000000000000       0.87500000000000000        1.6379899764953323E-002
   1.1250000000000000       0.93750000000000000        1.7906443105425596E-002
   1.1250000000000000        1.0000000000000000        1.8743753443322162E-002
   1.1250000000000000        1.0625000000000000        1.9006068949671932E-002
   1.1250000000000000        1.1250000000000000        1.8648268757583360E-002
   1.1250000000000000        1.1875000000000000        1.7453610421070111E-002
   1.1250000000000000        1.2500000000000000        1.5232470187681270E-002
   1.1250000000000000        1.3125000000000000        1.2132091974395897E-002
   1.1250000000000000        1.3750000000000000        8.7126484019419189E-003
   1.1250000000000000        1.4375000000000000        5.6306739921761330E-003
   1.1250000000000000        1.5000000000000000        3.2895630825202377E-003
   1.1250000000000000        1.5625000000000000        1.7505350884525696E-003
   1.1250000000000000        1.6250000000000000        8.5570008179566826E-004
   1.1250000000000000        1.6875000000000000        3.8739950813565440E-004
   1.1250000000000000        1.7500000000000000        1.6366970784418869E-004
   1.1250000000000000        1.8125000000000000        6.4992924842798594E-005
   1.1250000000000000        1.8750000000000000        2.4597492583369410E-005
   1.1250000000000000        1.9375000000000000        1.0064422944121503E-005
   1.1250000000000000        2.0000000000000000        1.0064422944121503E-005

   1.1875000000000000        0.0000000000000000        1.9522950175781210E-008
   1.1875000000000000        6.2500000000000000E-002   1.9522950175781210E-008
   1.1875000000000000       0.12500000000000000        2.0116055796614202E-007
   1.1875000000000000       0.18750000000000000        1.7003212571006332E-006
   1.1875000000000000       0.25000000000000000        1.1385143312617424E-005
   1.1875000000000000       0.31250000000000000        6.1052888589333392E-005
   1.1875000000000000       0.37500000000000000        2.6449721521486940E-004
   1.1875000000000000       0.43750000000000000        9.3167891030456612E-004
   1.1875000000000000       0.50000000000000000        2.6821702824584973E-003
   1.1875000000000000       0.56250000000000000        6.3455769335037885E-003
   1.1875000000000000       0.62500000000000000        1.2439471760081854E-002
   1.1875000000000000       0.68750000000000000        2.0496635555783693E-002
   1.1875000000000000       0.75000000000000000        2.9051114226677801E-002
   1.1875000000000000       0.81250000000000000        3.6525753958371286E-002
   1.1875000000000000       0.87500000000000000        4.2047086200356243E-002
   1.1875000000000000       0.93750000000000000        4.5550373828949102E-002
   1.1875000000000000        1.0000000000000000        4.7370793804707233E-002
   1.1875000000000000        1.0625000000000000        4.7743518095871795E-002
   1.1875000000000000        1.1250000000000000        4.6481696638494059E-002
   1.1875000000000000        1.1875000000000000        4.3030668366113432E-002
   1.1875000000000000        1.2500000000000000        3.7022924865161684E-002
   1.1875000000000000        1.3125000000000000        2.8998613573255085E-002
   1.1875000000000000        1.3750000000000000        2.0455822800977214E-002
   1.1875000000000000        1.4375000000000000        1.2983763287893491E-002
   1.1875000000000000        1.5000000000000000        7.4540866205703975E-003
   1.1875000000000000        1.5625000000000000        3.9015540047028876E-003
   1.1875000000000000        1.6250000000000000        1.8778182594775988E-003
   1.1875000000000000        1.6875000000000000        8.3795128039609174E-004
   1.1875000000000000        1.7500000000000000        3.4930288696759346E-004
   1.1875000000000000        1.8125000000000000        1.3700386207814315E-004
   1.1875000000000000        1.8750000000000000        5.1322827914077018E-005
   1.1875000000000000        1.9375000000000000        2.0994690831356316E-005
   1.1875000000000000        2.0000000000000000        2.0994690831356316E-005

   1.2500000000000000        0.0000000000000000        1.0950621652112194E-007
   1.2500000000000000        6.2500000000000000E-002   1.0950621652112194E-007
   1.2500000000000000       0.12500000000000000        9.4973243104007408E-007
   1.2500000000000000       0.18750000000000000        6.9883952207501467E-006
   1.2500000000000000       0.25000000000000000        4.1564869749745651E-005
   1.2500000000000000       0.31250000000000000        2.0140168364400448E-004
   1.2500000000000000       0.37500000000000000        8.0045389192409514E-004
   1.2500000000000000       0.43750000000000000        2.6224173077995260E-003
   1.2500000000000000       0.50000000000000000        7.1103135035518765E-003
   1.2500000000000000       0.56250000000000000        1.6024482469807571E-002
   1.2500000000000000       0.62500000000000000        3.0226374588513658E-002
   1.2500000000000000       0.68750000000000000        4.8329235059493464E-002
   1.2500000000000000       0.75000000000000000        6.6932662808793050E-002
   1.2500000000000000       0.81250000000000000        8.2711383590011581E-002
   1.2500000000000000       0.87500000000000000        9.4044821534222917E-002
   1.2500000000000000       0.93750000000000000       0.10101131505333394     
   1.2500000000000000        1.0000000000000000       0.10438267748217828     
   1.2500000000000000        1.0625000000000000       0.10456014709273720     
   1.2500000000000000        1.1250000000000000       0.10099475111113020     
   1.2500000000000000        1.1875000000000000        9.2474844201303835E-002
   1.2500000000000000        1.2500000000000000        7.8430439836637902E-002
   1.2500000000000000        1.3125000000000000        6.0386730241238314E-002
   1.2500000000000000        1.3750000000000000        4.1803573832064254E-002
   1.2500000000000000        1.4375000000000000        2.6025982823938507E-002
   1.2500000000000000        1.5000000000000000        1.4660297300148149E-002
   1.2500000000000000        1.5625000000000000        7.5346937680695406E-003
   1.2500000000000000        1.6250000000000000        3.5644981082595443E-003
   1.2500000000000000        1.6875000000000000        1.5651320416809643E-003
   1.2500000000000000        1.7500000000000000        6.4267520673988627E-004
   1.2500000000000000        1.8125000000000000        2.4858357618194588E-004
   1.2500000000000000        1.8750000000000000        9.2038023547700291E-005
   1.2500000000000000        1.9375000000000000        3.7583439795203479E-005
   1.2500000000000000        2.0000000000000000        3.7583439795203479E-005

   1.3125000000000000        0.0000000000000000        4.7485695612684374E-007
   1.3125000000000000        6.2500000000000000E-002   4.7485695612684374E-007
   1.3125000000000000       0.12500000000000000        3.5406184381771339E-006
   1.3125000000000000       0.18750000000000000        2.3090397983771052E-005
   1.3125000000000000       0.25000000000000000        1.2387027221598046E-004
   1.3125000000000000       0.31250000000000000        5.4955715036530961E-004
   1.3125000000000000       0.37500000000000000        2.0271274770526150E-003
   1.3125000000000000       0.43750000000000000        6.2406749295842471E-003
   1.3125000000000000       0.50000000000000000        1.6081783702634762E-002
   1.3125000000000000       0.56250000000000000        3.4797562243274717E-002
   1.3125000000000000       0.62500000000000000        6.3561580163533998E-002
   1.3125000000000000       0.68750000000000000        9.9079492762203014E-002
   1.3125000000000000       0.75000000000000000       0.13447105029968420     
   1.3125000000000000       0.81250000000000000       0.16359528749387789     
   1.3125000000000000       0.87500000000000000       0.18389316092055225     
   1.3125000000000000       0.93750000000000000       0.19591835507685240     
   1.3125000000000000        1.0000000000000000       0.20120877969100562     
   1.3125000000000000        1.0625000000000000       0.20032704378957156     
   1.3125000000000000        1.1250000000000000       0.19199148374475528     
   1.3125000000000000        1.1875000000000000       0.17390695437576653     
   1.3125000000000000        1.2500000000000000       0.14539065812424723     
   1.3125000000000000        1.3125000000000000       0.10996404596409998     
   1.3125000000000000        1.3750000000000000        7.4601589981865127E-002
   1.3125000000000000        1.4375000000000000        4.5468575180124857E-002
   1.3125000000000000        1.5000000000000000        2.5073376355290531E-002
   1.3125000000000000        1.5625000000000000        1.2623560363232384E-002
   1.3125000000000000        1.6250000000000000        5.8558829839001807E-003
   1.3125000000000000        1.6875000000000000        2.5241697745069340E-003
   1.3125000000000000        1.7500000000000000        1.0186963517879839E-003
   1.3125000000000000        1.8125000000000000        3.8775362970227108E-004
   1.3125000000000000        1.8750000000000000        1.4161141701222644E-004
   1.3125000000000000        1.9375000000000000        5.7603093455465884E-005
   1.3125000000000000        2.0000000000000000        5.7603093455465884E-005

   1.3750000000000000        0.0000000000000000        1.6109962237301133E-006
   1.3750000000000000        6.2500000000000000E-002   1.6109962237301133E-006
   1.3750000000000000       0.12500000000000000        1.0512864421377101E-005
   1.3750000000000000       0.18750000000000000        6.1706187273388334E-005
   1.3750000000000000       0.25000000000000000        3.0262937919893235E-004
   1.3750000000000000       0.31250000000000000        1.2442177332550276E-003
   1.3750000000000000       0.37500000000000000        4.3064729279464744E-003
   1.3750000000000000       0.43750000000000000        1.2584891158307068E-002
   1.3750000000000000       0.50000000000000000        3.1110848753439471E-002
   1.3750000000000000       0.56250000000000000        6.5173376997587115E-002
   1.3750000000000000       0.62500000000000000       0.11608979380663652     
   1.3750000000000000       0.68750000000000000       0.17732669621726102     
   1.3750000000000000       0.75000000000000000       0.23657698066464766     
   1.3750000000000000       0.81250000000000000       0.28381601254203409     
   1.3750000000000000       0.87500000000000000       0.31565397122070793     
   1.3750000000000000       0.93750000000000000       0.33371151865676529     
   1.3750000000000000        1.0000000000000000       0.34068834376951362     
   1.3750000000000000        1.0625000000000000       0.33722371377255050     
   1.3750000000000000        1.1250000000000000       0.32082071765436687     
   1.3750000000000000        1.1875000000000000       0.28762855702570261     
   1.3750000000000000        1.2500000000000000       0.23704660600857788     
   1.3750000000000000        1.3125000000000000       0.17592989392957262     
   1.3750000000000000        1.3750000000000000       0.11671250618774726     
   1.3750000000000000        1.4375000000000000        6.9436055192124799E-002
   1.3750000000000000        1.5000000000000000        3.7361523904349603E-002
   1.3750000000000000        1.5625000000000000        1.8363710489374230E-002
   1.3750000000000000        1.6250000000000000        8.3250198039413210E-003
   1.3750000000000000        1.6875000000000000        3.5113544661948036E-003
   1.3750000000000000        1.7500000000000000        1.3885040262258835E-003
   1.3750000000000000        1.8125000000000000        5.1859190458331005E-004
   1.3750000000000000        1.8750000000000000        1.8629842442754102E-004
   1.3750000000000000        1.9375000000000000        7.5268580307252011E-005
   1.3750000000000000        2.0000000000000000        7.5268580307252011E-005

   1.4375000000000000        0.0000000000000000        4.3031417862576675E-006
   1.4375000000000000        6.2500000000000000E-002   4.3031417862576675E-006
   1.4375000000000000       0.12500000000000000        2.4959295828861166E-005
   1.4375000000000000       0.18750000000000000        1.3366412403645171E-004
   1.4375000000000000       0.25000000000000000        6.0678042721577221E-004
   1.4375000000000000       0.31250000000000000        2.3386961517951987E-003
   1.4375000000000000       0.37500000000000000        7.6796362448396608E-003
   1.4375000000000000       0.43750000000000000        2.1531450187467965E-002
   1.4375000000000000       0.50000000000000000        5.1589020403920736E-002
   1.4375000000000000       0.56250000000000000       0.10563982491093707     
   1.4375000000000000       0.62500000000000000       0.18502399407456380     
   1.4375000000000000       0.68750000000000000       0.27864114285501485     
   1.4375000000000000       0.75000000000000000       0.36667082465669398     
   1.4375000000000000       0.81250000000000000       0.43447126898610094     
   1.4375000000000000       0.87500000000000000       0.47843894139280224     
   1.4375000000000000       0.93750000000000000       0.50211322698226579     
   1.4375000000000000        1.0000000000000000       0.50975246202767999     
   1.4375000000000000        1.0625000000000000       0.50193171944555037     
   1.4375000000000000        1.1250000000000000       0.47445733830898690     
   1.4375000000000000        1.1875000000000000       0.42143731148156816     
   1.4375000000000000        1.2500000000000000       0.34243921404464511     
   1.4375000000000000        1.3125000000000000       0.24895581709191708     
   1.4375000000000000        1.3750000000000000       0.16095144862432614     
   1.4375000000000000        1.4375000000000000        9.3057164524466607E-002
   1.4375000000000000        1.5000000000000000        4.8620986978483771E-002
   1.4375000000000000        1.5625000000000000        2.3216163699382442E-002
   1.4375000000000000        1.6250000000000000        1.0236388973398163E-002
   1.4375000000000000        1.6875000000000000        4.2054470041787070E-003
   1.4375000000000000        1.7500000000000000        1.6223938871497646E-003
   1.4375000000000000        1.8125000000000000        5.9216029157884483E-004
   1.4375000000000000        1.8750000000000000        2.0843164052254030E-004
   1.4375000000000000        1.9375000000000000        8.3300345566659169E-005
   1.4375000000000000        2.0000000000000000        8.3300345566659169E-005

   1.5000000000000000        0.0000000000000000        9.0563572811702127E-006
   1.5000000000000000        6.2500000000000000E-002   9.0563572811702127E-006
   1.5000000000000000       0.12500000000000000        4.7340951801840106E-005
   1.5000000000000000       0.18750000000000000        2.3425443164258402E-004
   1.5000000000000000       0.25000000000000000        9.9627471683815427E-004
   1.5000000000000000       0.31250000000000000        3.6426756257511126E-003
   1.5000000000000000       0.37500000000000000        1.1484216787316334E-002
   1.5000000000000000       0.43750000000000000        3.1268330127098433E-002
   1.5000000000000000       0.50000000000000000        7.3507104317870081E-002
   1.5000000000000000       0.56250000000000000       0.14889681323384374     
   1.5000000000000000       0.62500000000000000       0.25915859332260444     
   1.5000000000000000       0.68750000000000000       0.38779706628018512     
   1.5000000000000000       0.75000000000000000       0.50532137135743749     
   1.5000000000000000       0.81250000000000000       0.59230491462541213     
   1.5000000000000000       0.87500000000000000       0.64617945491395667     
   1.5000000000000000       0.93750000000000000       0.67344855264699377     
   1.5000000000000000        1.0000000000000000       0.68027132739408902     
   1.5000000000000000        1.0625000000000000       0.66704096201024188     
   1.5000000000000000        1.1250000000000000       0.62750952830674078     
   1.5000000000000000        1.1875000000000000       0.55316446467832880     
   1.5000000000000000        1.2500000000000000       0.44328144505503569     
   1.5000000000000000        1.3125000000000000       0.31476699505513889     
   1.5000000000000000        1.3750000000000000       0.19724667384675315     
   1.5000000000000000        1.4375000000000000       0.11008958198575704     
   1.5000000000000000        1.5000000000000000        5.5457077901214173E-002
   1.5000000000000000        1.5625000000000000        2.5542766848654978E-002
   1.5000000000000000        1.6250000000000000        1.0878790287904278E-002
   1.5000000000000000        1.6875000000000000        4.3251550511442822E-003
   1.5000000000000000        1.7500000000000000        1.6179471529721280E-003
   1.5000000000000000        1.8125000000000000        5.7379068275372098E-004
   1.5000000000000000        1.8750000000000000        1.9678191153712623E-004
   1.5000000000000000        1.9375000000000000        7.7336456714306083E-005
   1.5000000000000000        2.0000000000000000        7.7336456714306083E-005

   1.5625000000000000        0.0000000000000000        1.4934503522406778E-005
   1.5625000000000000        6.2500000000000000E-002   1.4934503522406778E-005
   1.5625000000000000       0.12500000000000000        7.1283374500394605E-005
   1.5625000000000000       0.18750000000000000        3.3001783102240594E-004
   1.5625000000000000       0.25000000000000000        1.3316348293823410E-003
   1.5625000000000000       0.31250000000000000        4.6798166394962657E-003
   1.5625000000000000       0.37500000000000000        1.4364089408939275E-002
   1.5625000000000000       0.43750000000000000        3.8548557947462557E-002
   1.5625000000000000       0.50000000000000000        9.0313403487005867E-002
   1.5625000000000000       0.56250000000000000       0.18382674026143114     
   1.5625000000000000       0.62500000000000000       0.32255105290905234     
   1.5625000000000000       0.68750000000000000       0.48466413799692715     
   1.5625000000000000       0.75000000000000000       0.62818477282311602     
   1.5625000000000000       0.81250000000000000       0.72934567409685347     
   1.5625000000000000       0.87500000000000000       0.78855580850928475     
   1.5625000000000000       0.93750000000000000       0.81642741532893859     
   1.5625000000000000        1.0000000000000000       0.82126648858280826     
   1.5625000000000000        1.0625000000000000       0.80326091088941320     
   1.5625000000000000        1.1250000000000000       0.75393404821093379     
   1.5625000000000000        1.1875000000000000       0.66132204118669702     
   1.5625000000000000        1.2500000000000000       0.52291094588590770     
   1.5625000000000000        1.3125000000000000       0.36089149022699946     
   1.5625000000000000        1.3750000000000000       0.21734635794990495     
   1.5625000000000000        1.4375000000000000       0.11593652547311548     
   1.5625000000000000        1.5000000000000000        5.5727670905662274E-002
   1.5625000000000000        1.5625000000000000        2.4508708939381233E-002
   1.5625000000000000        1.6250000000000000        9.9855941893362259E-003
   1.5625000000000000        1.6875000000000000        3.8067817532100750E-003
   1.5625000000000000        1.7500000000000000        1.3688924526873991E-003
   1.5625000000000000        1.8125000000000000        4.6782996976123850E-004
   1.5625000000000000        1.8750000000000000        1.5505718514941967E-004
   1.5625000000000000        1.9375000000000000        5.9405158231468683E-005
   1.5625000000000000        2.0000000000000000        5.9405158231468683E-005

   1.6250000000000000        0.0000000000000000        1.9037130619585922E-005
   1.6250000000000000        6.2500000000000000E-002   1.9037130619585922E-005
   1.6250000000000000       0.12500000000000000        8.4074788763037830E-005
   1.6250000000000000       0.18750000000000000        3.6910066279021754E-004
   1.6250000000000000       0.25000000000000000        1.4335317969835972E-003
   1.6250000000000000       0.31250000000000000        4.9196509065642735E-003
   1.6250000000000000       0.37500000000000000        1.4961609377633767E-002
   1.6250000000000000       0.43750000000000000        4.0347974519289592E-002
   1.6250000000000000       0.50000000000000000        9.6181125327662154E-002
   1.6250000000000000       0.56250000000000000       0.20094932362607440     
   1.6250000000000000       0.62500000000000000       0.36260900716199013     
   1.6250000000000000       0.68750000000000000       0.55526497241249650     
   1.6250000000000000       0.75000000000000000       0.71929084124191378     
   1.6250000000000000       0.81250000000000000       0.82777757526039508     
   1.6250000000000000       0.87500000000000000       0.88689658116461534     
   1.6250000000000000       0.93750000000000000       0.91249938592713964     
   1.6250000000000000        1.0000000000000000       0.91510958832427958     
   1.6250000000000000        1.0625000000000000       0.89477586718531166     
   1.6250000000000000        1.1250000000000000       0.84082171460186794     
   1.6250000000000000        1.1875000000000000       0.73671066287385112     
   1.6250000000000000        1.2500000000000000       0.57526673701295306     
   1.6250000000000000        1.3125000000000000       0.38266616014624577     
   1.6250000000000000        1.3750000000000000       0.21859427102866197     
   1.6250000000000000        1.4375000000000000       0.10982817377322765     
   1.6250000000000000        1.5000000000000000        4.9646354145958312E-002
   1.6250000000000000        1.5625000000000000        2.0557876782683161E-002
   1.6250000000000000        1.6250000000000000        7.9058372166473708E-003
   1.6250000000000000        1.6875000000000000        2.8532333542112065E-003
   1.6250000000000000        1.7500000000000000        9.7426836285798956E-004
   1.6250000000000000        1.8125000000000000        3.1709439020101199E-004
   1.6250000000000000        1.8750000000000000        1.0036054988236155E-004
   1.6250000000000000        1.9375000000000000        3.6990476948540914E-005
   1.6250000000000000        2.0000000000000000        3.6990476948540914E-005

   1.6875000000000000        0.0000000000000000        1.8285191555151365E-005
   1.6875000000000000        6.2500000000000000E-002   1.8285191555151365E-005
   1.6875000000000000       0.12500000000000000        7.5832308082827019E-005
   1.6875000000000000       0.18750000000000000        3.2077633821478755E-004
   1.6875000000000000       0.25000000000000000        1.2210618425875879E-003
   1.6875000000000000       0.31250000000000000        4.1775406176496593E-003
   1.6875000000000000       0.37500000000000000        1.2885311782221145E-002
   1.6875000000000000       0.43750000000000000        3.5830270800188531E-002
   1.6875000000000000       0.50000000000000000        8.9342434365282608E-002
   1.6875000000000000       0.56250000000000000       0.19715493538154638     
   1.6875000000000000       0.62500000000000000       0.37606966986277318     
   1.6875000000000000       0.68750000000000000       0.59941120149169491     
   1.6875000000000000       0.75000000000000000       0.77910980103452632     
   1.6875000000000000       0.81250000000000000       0.88808078718816641     
   1.6875000000000000       0.87500000000000000       0.94224939581894251     
   1.6875000000000000       0.93750000000000000       0.96359841617318998     
   1.6875000000000000        1.0000000000000000       0.96458726087530755     
   1.6875000000000000        1.0625000000000000       0.94521178566483899     
   1.6875000000000000        1.1250000000000000       0.89292906031505237     
   1.6875000000000000        1.1875000000000000       0.78551635600580749     
   1.6875000000000000        1.2500000000000000       0.60672319682112708     
   1.6875000000000000        1.3125000000000000       0.38340563857583354     
   1.6875000000000000        1.3750000000000000       0.20365795127091307     
   1.6875000000000000        1.4375000000000000        9.4444433534301403E-002
   1.6875000000000000        1.5000000000000000        3.9376197230832077E-002
   1.6875000000000000        1.5625000000000000        1.5070871358413991E-002
   1.6875000000000000        1.6250000000000000        5.3743002661754118E-003
   1.6875000000000000        1.6875000000000000        1.8048279999662905E-003
   1.6875000000000000        1.7500000000000000        5.7537268128955937E-004
   1.6875000000000000        1.8125000000000000        1.7534559806476265E-004
   1.6875000000000000        1.8750000000000000        5.2057959481860980E-005
   1.6875000000000000        1.9375000000000000        1.8079467360632929E-005
   1.6875000000000000        2.0000000000000000        1.8079467360632929E-005

   1.7500000000000000        0.0000000000000000        1.2631933508392413E-005
   1.7500000000000000        6.2500000000000000E-002   1.2631933508392413E-005
   1.7500000000000000       0.12500000000000000        5.0128185212394167E-005
   1.7500000000000000       0.18750000000000000        2.0874514296713564E-004
   1.7500000000000000       0.25000000000000000        7.9851168154008491E-004
   1.7500000000000000       0.31250000000000000        2.8025873041184176E-003
   1.7500000000000000       0.37500000000000000        9.0501694085127274E-003
   1.7500000000000000       0.43750000000000000        2.6848326014956080E-002
   1.7500000000000000       0.50000000000000000        7.2568044367413806E-002
   1.7500000000000000       0.56250000000000000       0.17548912643974321     
   1.7500000000000000       0.62500000000000000       0.36727273290386014     
   1.7500000000000000       0.68750000000000000       0.62889436430822665     
   1.7500000000000000       0.75000000000000000       0.82080026473827905     
   1.7500000000000000       0.81250000000000000       0.92383474290512957     
   1.7500000000000000       0.87500000000000000       0.96927659326036197     
   1.7500000000000000       0.93750000000000000       0.98535494560058356     
   1.7500000000000000        1.0000000000000000       0.98557161156840234     
   1.7500000000000000        1.0625000000000000       0.96991874057395933     
   1.7500000000000000        1.1250000000000000       0.92486848291004220     
   1.7500000000000000        1.1875000000000000       0.82214530346375547     
   1.7500000000000000        1.2500000000000000       0.63041598585377578     
   1.7500000000000000        1.3125000000000000       0.36880088337043532     
   1.7500000000000000        1.3750000000000000       0.17685993955644463     
   1.7500000000000000        1.4375000000000000        7.3667498042100335E-002
   1.7500000000000000        1.5000000000000000        2.7636045883758637E-002
   1.7500000000000000        1.5625000000000000        9.5536576862321216E-003
   1.7500000000000000        1.6250000000000000        3.0894185828315487E-003
   1.7500000000000000        1.6875000000000000        9.4413133021953310E-004
   1.7500000000000000        1.7500000000000000        2.7463685371051789E-004
   1.7500000000000000        1.8125000000000000        7.6488685331776724E-005
   1.7500000000000000        1.8750000000000000        2.0726435686286505E-005
   1.7500000000000000        1.9375000000000000        6.5502015138443981E-006
   1.7500000000000000        2.0000000000000000        6.5502015138443981E-006

   1.8125000000000000        0.0000000000000000        5.7240212728480475E-006
   1.8125000000000000        6.2500000000000000E-002   5.7240212728480475E-006
   1.8125000000000000       0.12500000000000000        2.2369914699283780E-005
   1.8125000000000000       0.18750000000000000        9.4829670441623072E-005
   1.8125000000000000       0.25000000000000000        3.7875095511896831E-004
   1.8125000000000000       0.31250000000000000        1.4217081115138143E-003
   1.8125000000000000       0.37500000000000000        5.0181173074652745E-003
   1.8125000000000000       0.43750000000000000        1.6583232471064732E-002
   1.8125000000000000       0.50000000000000000        5.0745956271226321E-002
   1.8125000000000000       0.56250000000000000       0.14077525104602318     
   1.8125000000000000       0.62500000000000000       0.34017483392703268     
   1.8125000000000000       0.68750000000000000       0.66003848705356050     
   1.8125000000000000       0.75000000000000000       0.85942019474518538     
   1.8125000000000000       0.81250000000000000       0.94937638623532472     
   1.8125000000000000       0.87500000000000000       0.98325722897439471     
   1.8125000000000000       0.93750000000000000       0.99378442618752860     
   1.8125000000000000        1.0000000000000000       0.99379099953516248     
   1.8125000000000000        1.0625000000000000       0.98327500716158378     
   1.8125000000000000        1.1250000000000000       0.94940075679284064     
   1.8125000000000000        1.1875000000000000       0.85944667613767989     
   1.8125000000000000        1.2500000000000000       0.66006506376310992     
   1.8125000000000000        1.3125000000000000       0.34020200869896072     
   1.8125000000000000        1.3750000000000000       0.14080394075280739     
   1.8125000000000000        1.4375000000000000        5.0775349654795382E-002
   1.8125000000000000        1.5000000000000000        1.6610596023867979E-002
   1.8125000000000000        1.5625000000000000        5.0404428263448467E-003
   1.8125000000000000        1.6250000000000000        1.4374598396891087E-003
   1.8125000000000000        1.6875000000000000        3.8833382188848905E-004
   1.8125000000000000        1.7500000000000000        9.9838332477219545E-005
   1.8125000000000000        1.8125000000000000        2.4489007426275021E-005
   1.8125000000000000        1.8750000000000000        5.7809042647531599E-006
   1.8125000000000000        1.9375000000000000        1.5509058810792305E-006
   1.8125000000000000        2.0000000000000000        1.5509058810792305E-006

   1.8750000000000000        0.0000000000000000        1.3512154396548823E-006
   1.8750000000000000        6.2500000000000000E-002   1.3512154396548823E-006
   1.8750000000000000       0.12500000000000000        5.5361894250815486E-006
   1.8750000000000000       0.18750000000000000        2.5584424169647700E-005
   1.8750000000000000       0.25000000000000000        1.1438297394936750E-004
   1.8750000000000000       0.31250000000000000        4.9047288491705374E-004
   1.8750000000000000       0.37500000000000000        2.0082547447852609E-003
   1.8750000000000000       0.43750000000000000        7.8033950313927732E-003
   1.8750000000000000       0.50000000000000000        2.8500991758307247E-002
   1.8750000000000000       0.56250000000000000        9.6209728933775399E-002
   1.8750000000000000       0.62500000000000000       0.28984387046206855     
   1.8750000000000000       0.68750000000000000       0.71032032805382306     
   1.8750000000000000       0.75000000000000000       0.90394424497156467     
   1.8750000000000000       0.81250000000000000       0.97162277928966023     
   1.8750000000000000       0.87500000000000000       0.99222019701916198     
   1.8750000000000000       0.93750000000000000       0.99762917679656760     
   1.8750000000000000        1.0000000000000000       0.99762176217012499     
   1.8750000000000000        1.0625000000000000       0.99219806193319537     
   1.8750000000000000        1.1250000000000000       0.97158674661585287     
   1.8750000000000000        1.1875000000000000       0.90389686967656446     
   1.8750000000000000        1.2500000000000000       0.71026641563779169     
   1.8750000000000000        1.3125000000000000       0.28978977573738102     
   1.8750000000000000        1.3750000000000000        9.6161617028536275E-002
   1.8750000000000000        1.4375000000000000        2.8463015501128754E-002
   1.8750000000000000        1.5000000000000000        7.7767933765921643E-003
   1.8750000000000000        1.5625000000000000        1.9917219895788226E-003
   1.8750000000000000        1.6250000000000000        4.8135415443437341E-004
   1.8750000000000000        1.6875000000000000        1.0991299457310615E-004
   1.8750000000000000        1.7500000000000000        2.3625464352175335E-005
   1.8750000000000000        1.8125000000000000        4.7309279979799414E-006
   1.8750000000000000        1.8750000000000000        8.6346505957922629E-007
   1.8750000000000000        1.9375000000000000        1.5227090201229110E-007
   1.8750000000000000        2.0000000000000000        1.5227090201229110E-007

   1.9375000000000000        0.0000000000000000        3.9508374462283179E-008
   1.9375000000000000        6.2500000000000000E-002   3.9508374462283179E-008
   1.9375000000000000       0.12500000000000000        3.1003419104766867E-007
   1.9375000000000000       0.18750000000000000        2.2495009607369546E-006
   1.9375000000000000       0.25000000000000000        1.4222493815562565E-005
   1.9375000000000000       0.31250000000000000        8.1278709006511653E-005
   1.9375000000000000       0.37500000000000000        4.2960270630990982E-004
   1.9375000000000000       0.43750000000000000        2.1323110653529531E-003
   1.9375000000000000       0.50000000000000000        1.0039715012275305E-002
   1.9375000000000000       0.56250000000000000        4.5136680492890886E-002
   1.9375000000000000       0.62500000000000000       0.19454020592396559     
   1.9375000000000000       0.68750000000000000       0.80546259069863146     
   1.9375000000000000       0.75000000000000000       0.95486557377466186     
   1.9375000000000000       0.81250000000000000       0.98996010370036047     
   1.9375000000000000       0.87500000000000000       0.99785490012169908     
   1.9375000000000000       0.93750000000000000       0.99948989599399840     
   1.9375000000000000        1.0000000000000000       0.99948932570833893     
   1.9375000000000000        1.0625000000000000       0.99785325094869426     
   1.9375000000000000        1.1250000000000000       0.98995755060114765     
   1.9375000000000000        1.1875000000000000       0.95486237602896429     
   1.9375000000000000        1.2500000000000000       0.80545905206840873     
   1.9375000000000000        1.3125000000000000       0.19453663755980949     
   1.9375000000000000        1.3750000000000000        4.5133371054994723E-002
   1.9375000000000000        1.4375000000000000        1.0036898408803386E-002
   1.9375000000000000        1.5000000000000000        2.1301282491840295E-003
   1.9375000000000000        1.5625000000000000        4.2807600526445331E-004
   1.9375000000000000        1.6250000000000000        8.0322259136130436E-005
   1.9375000000000000        1.6875000000000000        1.3688632241578451E-005
   1.9375000000000000        1.7500000000000000        1.9849507430058795E-006
   1.9375000000000000        1.8125000000000000        1.9360884797004979E-007
   1.9375000000000000        1.8750000000000000       -1.1754334762842410E-008
   1.9375000000000000        1.9375000000000000       -1.7858263883433475E-008
   1.9375000000000000        2.0000000000000000       -1.7858263883433475E-008

   2.0000000000000000        0.0000000000000000        0.0000000000000000     
   2.0000000000000000        6.2500000000000000E-002   0.0000000000000000     
   2.0000000000000000       0.12500000000000000        0.0000000000000000     
   2.0000000000000000       0.18750000000000000        0.0000000000000000     
   2.0000000000000000       0.25000000000000000        0.0000000000000000     
   2.0000000000000000       0.31250000000000000        0.0000000000000000     
   2.0000000000000000       0.37500000000000000        0.0000000000000000     
   2.0000000000000000       0.43750000000000000        0.0000000000000000     
   2.0000000000000000       0.50000000000000000        0.0000000000000000     
   2.0000000000000000       0.56250000000000000        0.0000000000000000     
   2.0000000000000000       0.62500000000000000        0.0000000000000000     
   2.0000000000000000       0.68750000000000000        1.0000000000000000     
   2.0000000000000000       0.75000000000000000        1.0000000000000000     
   2.0000000000000000       0.81250000000000000        1.0000000000000000     
   2.0000000000000000       0.87500000000000000        1.0000000000000000     
   2.0000000000000000       0.93750000000000000        1.0000000000000000     
   2.0000000000000000        1.0000000000000000        1.0000000000000000     
   2.0000000000000000        1.0625000000000000        1.0000000000000000     
   2.0000000000000000        1.1250000000000000        1.0000000000000000     
   2.0000000000000000        1.1875000000000000        1.0000000000000000     
   2.0000000000000000        1.2500000000000000        1.0000000000000000     
   2.0000000000000000        1.3125000000000000        0.0000000000000000     
   2.0000000000000000        1.3750000000000000        0.0000000000000000     
   2.0000000000000000        1.4375000000000000        0.0000000000000000     
   2.0000000000000000        1.5000000000000000        0.0000000000000000     
   2.0000000000000000        1.5625000000000000        0.0000000000000000     
   2.0000000000000000        1.6250000000000000        0.0000000000000000     
   2.0000000000000000        1.6875000000000000        0.0000000000000000     
   2.0000000000000000        1.7500000000000000        0.0000000000000000     
   2.0000000000000000        1.8125000000000000        0.0000000000000000     
   2.0000000000000000        1.8750000000000000        0.0000000000000000     
   2.0000000000000000        1.9375000000000000        0.0000000000000000     
   2.0000000000000000        2.0000000000000000        0.0000000000000000     

