     0     0.3000000E+02
     1     0.3570176E+02
     2     0.2251167E+02
     3     0.1657708E+02
     4     0.1220370E+02
     5     0.1016375E+02
     6     0.8258261E+01
     7     0.6902212E+01
     8     0.5645157E+01
     9     0.4721870E+01
    10     0.3874141E+01
    11     0.3237968E+01
    12     0.2659224E+01
    13     0.2218107E+01
    14     0.1820164E+01
    15     0.1513269E+01
    16     0.1238531E+01
    17     0.1024695E+01
    18     0.8346599E+00
    19     0.6856452E+00
    20     0.5541911E+00
    21     0.4504635E+00
    22     0.3596900E+00
    23     0.3038755E+00
    24     0.2678613E+00
    25     0.2315875E+00
    26     0.2067223E+00
    27     0.1815225E+00
    28     0.1641856E+00
    29     0.1464053E+00
    30     0.1341505E+00
    31     0.1213456E+00
    32     0.1125264E+00
    33     0.1030655E+00
    34     0.9657710E-01
    35     0.8954132E-01
    36     0.8447698E-01
    37     0.7917568E-01
    38     0.7501058E-01
    39     0.7091152E-01
    40     0.6737016E-01
    41     0.6411769E-01
    42     0.6101948E-01
    43     0.5837556E-01
    44     0.5570186E-01
    45     0.5340724E-01
    46     0.5118780E-01
    47     0.4902767E-01
    48     0.4715580E-01
    49     0.4531865E-01
    50     0.4355101E-01
    51     0.4205679E-01
    52     0.4092861E-01
    53     0.3990156E-01
    54     0.3893196E-01
    55     0.3796412E-01
    56     0.3707965E-01
    57     0.3623675E-01
    58     0.3544261E-01
    59     0.3466473E-01
    60     0.3390843E-01
    61     0.3320256E-01
    62     0.3251112E-01
    63     0.3186403E-01
    64     0.3124535E-01
    65     0.3075246E-01
    66     0.3026762E-01
    67     0.2979092E-01
    68     0.2932654E-01
    69     0.2887595E-01
    70     0.2845280E-01
    71     0.2804062E-01
    72     0.2763468E-01
    73     0.2723506E-01
    74     0.2684781E-01
    75     0.2646980E-01
    76     0.2611623E-01
    77     0.2576750E-01
    78     0.2542366E-01
    79     0.2508476E-01
    80     0.2475666E-01
    81     0.2443549E-01
    82     0.2413375E-01
    83     0.2383587E-01
    84     0.2354193E-01
    85     0.2325197E-01
    86     0.2297128E-01
    87     0.2269533E-01
    88     0.2243416E-01
    89     0.2217826E-01
    90     0.2192561E-01
    91     0.2167693E-01
    92     0.2143663E-01
    93     0.2119954E-01
    94     0.2096946E-01
    95     0.2074917E-01
    96     0.2053163E-01
    97     0.2032182E-01
    98     0.2011531E-01
    99     0.1991150E-01
   100     0.1971351E-01
   101     0.1952029E-01
   102     0.1933566E-01
   103     0.1915568E-01
   104     0.1897964E-01
   105     0.1880891E-01
   106     0.1864012E-01
   107     0.1847719E-01
   108     0.1831687E-01
   109     0.1816080E-01
   110     0.1800826E-01
   111     0.1786294E-01
   112     0.1772053E-01
   113     0.1758318E-01
   114     0.1744734E-01
   115     0.1731575E-01
   116     0.1718597E-01
   117     0.1705940E-01
   118     0.1693486E-01
   119     0.1681258E-01
   120     0.1669219E-01
   121     0.1657671E-01
   122     0.1646369E-01
   123     0.1635208E-01
   124     0.1624111E-01
   125     0.1613209E-01
   126     0.1602343E-01
   127     0.1591514E-01
   128     0.1580852E-01
   129     0.1570643E-01
   130     0.1560479E-01
   131     0.1550443E-01
   132     0.1540430E-01
   133     0.1530442E-01
   134     0.1520481E-01
   135     0.1510624E-01
   136     0.1501205E-01
   137     0.1491804E-01
   138     0.1482425E-01
   139     0.1473068E-01
   140     0.1463736E-01
   141     0.1454486E-01
   142     0.1445442E-01
   143     0.1436616E-01
   144     0.1427810E-01
   145     0.1419075E-01
   146     0.1410367E-01
   147     0.1401681E-01
   148     0.1393019E-01
   149     0.1384613E-01
   150     0.1376381E-01
   151     0.1368166E-01
   152     0.1359971E-01
   153     0.1351797E-01
   154     0.1343646E-01
   155     0.1335549E-01
   156     0.1327790E-01
   157     0.1320049E-01
   158     0.1312328E-01
   159     0.1304626E-01
   160     0.1296947E-01
   161     0.1289290E-01
   162     0.1281836E-01
   163     0.1274533E-01
   164     0.1267250E-01
   165     0.1259986E-01
   166     0.1252743E-01
   167     0.1245522E-01
   168     0.1238344E-01
   169     0.1231448E-01
   170     0.1224571E-01
   171     0.1217713E-01
   172     0.1210875E-01
   173     0.1204058E-01
   174     0.1197263E-01
   175     0.1190639E-01
   176     0.1184139E-01
   177     0.1177657E-01
   178     0.1171194E-01
   179     0.1164751E-01
   180     0.1158329E-01
   181     0.1151960E-01
   182     0.1145810E-01
   183     0.1139677E-01
   184     0.1133563E-01
   185     0.1127468E-01
   186     0.1121392E-01
   187     0.1115336E-01
   188     0.1109452E-01
   189     0.1103644E-01
   190     0.1097852E-01
   191     0.1092079E-01
   192     0.1086324E-01
   193     0.1080587E-01
   194     0.1074939E-01
   195     0.1069431E-01
   196     0.1063939E-01
   197     0.1058464E-01
   198     0.1053006E-01
   199     0.1047565E-01
   200     0.1042150E-01
   201     0.1036920E-01
   202     0.1031705E-01
   203     0.1026507E-01
   204     0.1021324E-01
   205     0.1016158E-01
   206     0.1011009E-01
   207     0.1005998E-01
   208     0.1001041E-01
   209     0.9960976E-02
   210     0.9911696E-02
   211     0.9862571E-02
   212     0.9813604E-02
   213     0.9765584E-02
   214     0.9718382E-02
   215     0.9671318E-02
   216     0.9624395E-02
   217     0.9577615E-02
   218     0.9530983E-02
   219     0.9484975E-02
   220     0.9439970E-02
   221     0.9395094E-02
   222     0.9350349E-02
   223     0.9305737E-02
   224     0.9261263E-02
   225     0.9217181E-02
   226     0.9174207E-02
   227     0.9131353E-02
   228     0.9088621E-02
   229     0.9046013E-02
   230     0.9003533E-02
   231     0.8961279E-02
   232     0.8920181E-02
   233     0.8879195E-02
   234     0.8838323E-02
   235     0.8797567E-02
   236     0.8756930E-02
   237     0.8716413E-02
   238     0.8677030E-02
   239     0.8637770E-02
   240     0.8598616E-02
   241     0.8559571E-02
   242     0.8520637E-02
   243     0.8481814E-02
   244     0.8443941E-02
   245     0.8406275E-02
   246     0.8368709E-02
   247     0.8331245E-02
   248     0.8293885E-02
   249     0.8256629E-02
   250     0.8220149E-02
   251     0.8183958E-02
   252     0.8147861E-02
   253     0.8111859E-02
   254     0.8075953E-02
   255     0.8040147E-02
   256     0.8004942E-02
   257     0.7970114E-02
   258     0.7935375E-02
   259     0.7900726E-02
   260     0.7866168E-02
   261     0.7831702E-02
   262     0.7797652E-02
   263     0.7764087E-02
   264     0.7730606E-02
   265     0.7697210E-02
   266     0.7663900E-02
   267     0.7630677E-02
   268     0.7597660E-02
   269     0.7565267E-02
   270     0.7532953E-02
   271     0.7500719E-02
   272     0.7468567E-02
   273     0.7436498E-02
   274     0.7404513E-02
   275     0.7373089E-02
   276     0.7341859E-02
   277     0.7310706E-02
   278     0.7279630E-02
   279     0.7248633E-02
   280     0.7217716E-02
   281     0.7187036E-02
   282     0.7156814E-02
   283     0.7126666E-02
   284     0.7096593E-02
   285     0.7066595E-02
   286     0.7036674E-02
   287     0.7006830E-02
   288     0.6977349E-02
   289     0.6948140E-02
   290     0.6919002E-02
   291     0.6889937E-02
   292     0.6860945E-02
   293     0.6832028E-02
   294     0.6803186E-02
   295     0.6774705E-02
   296     0.6746442E-02
   297     0.6718251E-02
   298     0.6690130E-02
   299     0.6662081E-02
   300     0.6634105E-02
   301     0.6606202E-02
   302     0.6578538E-02
   303     0.6551166E-02
   304     0.6523862E-02
   305     0.6496629E-02
   306     0.6469466E-02
   307     0.6442375E-02
   308     0.6415355E-02
   309     0.6388408E-02
   310     0.6361814E-02
   311     0.6335350E-02
   312     0.6308954E-02
   313     0.6282627E-02
   314     0.6256370E-02
   315     0.6230183E-02
   316     0.6204068E-02
   317     0.6178024E-02
   318     0.6152280E-02
   319     0.6126677E-02
   320     0.6101142E-02
   321     0.6075676E-02
   322     0.6050279E-02
   323     0.6024952E-02
   324     0.5999695E-02
   325     0.5974509E-02
   326     0.5949517E-02
   327     0.5924720E-02
   328     0.5899991E-02
   329     0.5875331E-02
   330     0.5850740E-02
   331     0.5826220E-02
   332     0.5801770E-02
   333     0.5777390E-02
   334     0.5753233E-02
   335     0.5729223E-02
   336     0.5705281E-02
   337     0.5681408E-02
   338     0.5657603E-02
   339     0.5633868E-02
   340     0.5610203E-02
   341     0.5586607E-02
   342     0.5563082E-02
   343     0.5539627E-02
   344     0.5516364E-02
   345     0.5493245E-02
   346     0.5470195E-02
   347     0.5447214E-02
   348     0.5424301E-02
   349     0.5401458E-02
   350     0.5378684E-02
   351     0.5355979E-02
   352     0.5333345E-02
   353     0.5310781E-02
   354     0.5288288E-02
   355     0.5265940E-02
   356     0.5243752E-02
   357     0.5221633E-02
   358     0.5199582E-02
   359     0.5177600E-02
   360     0.5155687E-02
   361     0.5133844E-02
   362     0.5112070E-02
   363     0.5090365E-02
   364     0.5068731E-02
   365     0.5047167E-02
   366     0.5025672E-02
   367     0.5004249E-02
   368     0.4983013E-02
   369     0.4961865E-02
   370     0.4940785E-02
   371     0.4919775E-02
   372     0.4898833E-02
   373     0.4877960E-02
   374     0.4857156E-02
   375     0.4836421E-02
   376     0.4815755E-02
   377     0.4795159E-02
   378     0.4774632E-02
   379     0.4754175E-02
   380     0.4733788E-02
   381     0.4713470E-02
   382     0.4693267E-02
   383     0.4673199E-02
   384     0.4653199E-02
   385     0.4633267E-02
   386     0.4613403E-02
   387     0.4593608E-02
   388     0.4573881E-02
   389     0.4554223E-02
   390     0.4534632E-02
   391     0.4515111E-02
   392     0.4495657E-02
   393     0.4476273E-02
   394     0.4456956E-02
   395     0.4437709E-02
   396     0.4418529E-02
   397     0.4399419E-02
   398     0.4380376E-02
   399     0.4361447E-02
   400     0.4342628E-02
   401     0.4323877E-02
   402     0.4305193E-02
   403     0.4286576E-02
   404     0.4268026E-02
   405     0.4249543E-02
   406     0.4231127E-02
   407     0.4212778E-02
   408     0.4194496E-02
   409     0.4176281E-02
   410     0.4158133E-02
   411     0.4140051E-02
   412     0.4122037E-02
   413     0.4104089E-02
   414     0.4086208E-02
   415     0.4068393E-02
   416     0.4050645E-02
   417     0.4032963E-02
   418     0.4015348E-02
   419     0.3997821E-02
   420     0.3980405E-02
   421     0.3963054E-02
   422     0.3945768E-02
   423     0.3928548E-02
   424     0.3911392E-02
   425     0.3894301E-02
   426     0.3877274E-02
   427     0.3860313E-02
   428     0.3843416E-02
   429     0.3826583E-02
   430     0.3809815E-02
   431     0.3793111E-02
   432     0.3776471E-02
   433     0.3759896E-02
   434     0.3743384E-02
   435     0.3726936E-02
   436     0.3710552E-02
   437     0.3694232E-02
   438     0.3677975E-02
   439     0.3661781E-02
   440     0.3645651E-02
   441     0.3629584E-02
   442     0.3613580E-02
   443     0.3597640E-02
   444     0.3581796E-02
   445     0.3566030E-02
   446     0.3550325E-02
   447     0.3534682E-02
   448     0.3519100E-02
   449     0.3503580E-02
   450     0.3488121E-02
   451     0.3472724E-02
   452     0.3457387E-02
   453     0.3442111E-02
   454     0.3426897E-02
   455     0.3411742E-02
   456     0.3396649E-02
   457     0.3381615E-02
   458     0.3366642E-02
   459     0.3351729E-02
   460     0.3336876E-02
   461     0.3322082E-02
   462     0.3307349E-02
   463     0.3292675E-02
   464     0.3278060E-02
   465     0.3263504E-02
   466     0.3249007E-02
   467     0.3234570E-02
   468     0.3220191E-02
   469     0.3205870E-02
   470     0.3191608E-02
   471     0.3177405E-02
   472     0.3163259E-02
   473     0.3149171E-02
   474     0.3135141E-02
   475     0.3121201E-02
   476     0.3107320E-02
   477     0.3093497E-02
   478     0.3079729E-02
   479     0.3066018E-02
   480     0.3052364E-02
   481     0.3038766E-02
   482     0.3025224E-02
   483     0.3011737E-02
   484     0.2998307E-02
   485     0.2984931E-02
   486     0.2971612E-02
   487     0.2958347E-02
   488     0.2945138E-02
   489     0.2931983E-02
   490     0.2918883E-02
   491     0.2905838E-02
   492     0.2892847E-02
   493     0.2879910E-02
   494     0.2867027E-02
   495     0.2854199E-02
   496     0.2841424E-02
   497     0.2828702E-02
   498     0.2816034E-02
   499     0.2803419E-02
   500     0.2790857E-02
   501     0.2778348E-02
   502     0.2765892E-02
   503     0.2753488E-02
   504     0.2741136E-02
   505     0.2728837E-02
   506     0.2716590E-02
   507     0.2704394E-02
   508     0.2692251E-02
   509     0.2680159E-02
   510     0.2668118E-02
   511     0.2656128E-02
   512     0.2644189E-02
   513     0.2632301E-02
   514     0.2620473E-02
   515     0.2608709E-02
   516     0.2596994E-02
   517     0.2585330E-02
   518     0.2573714E-02
   519     0.2562149E-02
   520     0.2550632E-02
   521     0.2539165E-02
   522     0.2527747E-02
   523     0.2516378E-02
   524     0.2505057E-02
   525     0.2493784E-02
   526     0.2482560E-02
   527     0.2471384E-02
   528     0.2460256E-02
   529     0.2449176E-02
   530     0.2438143E-02
   531     0.2427158E-02
   532     0.2416220E-02
   533     0.2405329E-02
   534     0.2394485E-02
   535     0.2383688E-02
   536     0.2372937E-02
   537     0.2362233E-02
   538     0.2351575E-02
   539     0.2340963E-02
   540     0.2330397E-02
   541     0.2319876E-02
   542     0.2309402E-02
   543     0.2298972E-02
   544     0.2288588E-02
   545     0.2278249E-02
   546     0.2267955E-02
   547     0.2257706E-02
   548     0.2247501E-02
   549     0.2237340E-02
   550     0.2227224E-02
   551     0.2217152E-02
   552     0.2207124E-02
   553     0.2197139E-02
   554     0.2187198E-02
   555     0.2177300E-02
   556     0.2167446E-02
   557     0.2157635E-02
   558     0.2147866E-02
   559     0.2138141E-02
   560     0.2128458E-02
   561     0.2118817E-02
   562     0.2109218E-02
   563     0.2099662E-02
   564     0.2090148E-02
   565     0.2080675E-02
   566     0.2071247E-02
   567     0.2061870E-02
   568     0.2052535E-02
   569     0.2043241E-02
   570     0.2033987E-02
   571     0.2024774E-02
   572     0.2015601E-02
   573     0.2006469E-02
   574     0.1997377E-02
   575     0.1988325E-02
   576     0.1979312E-02
   577     0.1970339E-02
   578     0.1961406E-02
   579     0.1952512E-02
   580     0.1943657E-02
   581     0.1934842E-02
   582     0.1926065E-02
   583     0.1917327E-02
   584     0.1908627E-02
   585     0.1899966E-02
   586     0.1891343E-02
   587     0.1882758E-02
   588     0.1874212E-02
   589     0.1865703E-02
   590     0.1857231E-02
   591     0.1848797E-02
   592     0.1840401E-02
   593     0.1832041E-02
   594     0.1823719E-02
   595     0.1815434E-02
   596     0.1807185E-02
   597     0.1798973E-02
   598     0.1790797E-02
   599     0.1782658E-02
   600     0.1774555E-02
   601     0.1766487E-02
   602     0.1758456E-02
   603     0.1750460E-02
   604     0.1742500E-02
   605     0.1734576E-02
   606     0.1726686E-02
   607     0.1718832E-02
   608     0.1711012E-02
   609     0.1703228E-02
   610     0.1695478E-02
   611     0.1687763E-02
   612     0.1680082E-02
   613     0.1672435E-02
   614     0.1664823E-02
   615     0.1657244E-02
   616     0.1649699E-02
   617     0.1642188E-02
   618     0.1634711E-02
   619     0.1627267E-02
   620     0.1619856E-02
   621     0.1612478E-02
   622     0.1605133E-02
   623     0.1597821E-02
   624     0.1590542E-02
   625     0.1583296E-02
   626     0.1576082E-02
   627     0.1568900E-02
   628     0.1561750E-02
   629     0.1554632E-02
   630     0.1547547E-02
   631     0.1540493E-02
   632     0.1533470E-02
   633     0.1526479E-02
   634     0.1519520E-02
   635     0.1512592E-02
   636     0.1505694E-02
   637     0.1498828E-02
   638     0.1491999E-02
   639     0.1485201E-02
   640     0.1478433E-02
   641     0.1471696E-02
   642     0.1464989E-02
   643     0.1458312E-02
   644     0.1451666E-02
   645     0.1445049E-02
   646     0.1438461E-02
   647     0.1431904E-02
   648     0.1425375E-02
   649     0.1418876E-02
   650     0.1412407E-02
   651     0.1405966E-02
   652     0.1399554E-02
   653     0.1393171E-02
   654     0.1386817E-02
   655     0.1380492E-02
   656     0.1374195E-02
   657     0.1367926E-02
   658     0.1361685E-02
   659     0.1355473E-02
   660     0.1349288E-02
   661     0.1343131E-02
   662     0.1337002E-02
   663     0.1330901E-02
   664     0.1324827E-02
   665     0.1318781E-02
   666     0.1312762E-02
   667     0.1306770E-02
   668     0.1300805E-02
   669     0.1294866E-02
   670     0.1288955E-02
   671     0.1283070E-02
   672     0.1277212E-02
   673     0.1271380E-02
   674     0.1265575E-02
   675     0.1259796E-02
   676     0.1254043E-02
   677     0.1248316E-02
   678     0.1242614E-02
   679     0.1236939E-02
   680     0.1231289E-02
   681     0.1225665E-02
   682     0.1220066E-02
   683     0.1214492E-02
   684     0.1208944E-02
   685     0.1203421E-02
   686     0.1197923E-02
   687     0.1192449E-02
   688     0.1187000E-02
   689     0.1181576E-02
   690     0.1176177E-02
   691     0.1170802E-02
   692     0.1165451E-02
   693     0.1160125E-02
   694     0.1154822E-02
   695     0.1149544E-02
   696     0.1144290E-02
   697     0.1139059E-02
   698     0.1133852E-02
   699     0.1128669E-02
   700     0.1123509E-02
   701     0.1118372E-02
   702     0.1113259E-02
   703     0.1108169E-02
   704     0.1103102E-02
   705     0.1098058E-02
   706     0.1093037E-02
   707     0.1088039E-02
   708     0.1083063E-02
   709     0.1078110E-02
   710     0.1073179E-02
   711     0.1068271E-02
   712     0.1063385E-02
   713     0.1058521E-02
   714     0.1053679E-02
   715     0.1048860E-02
   716     0.1044062E-02
   717     0.1039286E-02
   718     0.1034531E-02
   719     0.1029799E-02
   720     0.1025087E-02
   721     0.1020397E-02
   722     0.1015729E-02
   723     0.1011081E-02
   724     0.1006455E-02
   725     0.1001850E-02
   726     0.9972656E-03
   727     0.9927048E-03
   728     0.9881657E-03
   729     0.9836472E-03
   730     0.9791492E-03
   731     0.9746716E-03
   732     0.9702144E-03
   733     0.9657774E-03
   734     0.9613605E-03
   735     0.9569637E-03
   736     0.9525869E-03
   737     0.9482300E-03
   738     0.9438928E-03
   739     0.9395754E-03
   740     0.9352776E-03
   741     0.9309993E-03
   742     0.9267405E-03
   743     0.9225010E-03
   744     0.9182808E-03
   745     0.9140798E-03
   746     0.9098978E-03
   747     0.9057349E-03
   748     0.9015910E-03
   749     0.8974658E-03
   750     0.8933595E-03
   751     0.8892718E-03
   752     0.8852027E-03
   753     0.8811521E-03
   754     0.8771199E-03
   755     0.8731061E-03
   756     0.8691106E-03
   757     0.8651332E-03
   758     0.8611740E-03
   759     0.8572327E-03
   760     0.8533094E-03
   761     0.8494040E-03
   762     0.8455163E-03
   763     0.8416464E-03
   764     0.8377940E-03
   765     0.8339592E-03
   766     0.8301419E-03
   767     0.8263419E-03
   768     0.8225593E-03
   769     0.8187939E-03
   770     0.8150456E-03
   771     0.8113144E-03
   772     0.8076002E-03
   773     0.8039030E-03
   774     0.8002226E-03
   775     0.7965589E-03
   776     0.7929120E-03
   777     0.7892816E-03
   778     0.7856678E-03
   779     0.7820705E-03
   780     0.7784896E-03
   781     0.7749250E-03
   782     0.7713766E-03
   783     0.7678445E-03
   784     0.7643284E-03
   785     0.7608284E-03
   786     0.7573443E-03
   787     0.7538761E-03
   788     0.7504237E-03
   789     0.7469871E-03
   790     0.7435662E-03
   791     0.7401608E-03
   792     0.7367710E-03
   793     0.7333966E-03
   794     0.7300377E-03
   795     0.7266941E-03
   796     0.7233657E-03
   797     0.7200525E-03
   798     0.7167544E-03
   799     0.7134714E-03
   800     0.7102033E-03
   801     0.7069502E-03
   802     0.7037119E-03
   803     0.7004884E-03
   804     0.6972796E-03
   805     0.6940855E-03
   806     0.6909059E-03
   807     0.6877409E-03
   808     0.6845903E-03
   809     0.6814540E-03
   810     0.6783321E-03
   811     0.6752245E-03
   812     0.6721310E-03
   813     0.6690517E-03
   814     0.6659864E-03
   815     0.6629352E-03
   816     0.6598978E-03
   817     0.6568744E-03
   818     0.6538647E-03
   819     0.6508688E-03
   820     0.6478866E-03
   821     0.6449180E-03
   822     0.6419630E-03
   823     0.6390214E-03
   824     0.6360933E-03
   825     0.6331786E-03
   826     0.6302772E-03
   827     0.6273890E-03
   828     0.6245141E-03
   829     0.6216523E-03
   830     0.6188035E-03
   831     0.6159678E-03
   832     0.6131450E-03
   833     0.6103352E-03
   834     0.6075381E-03
   835     0.6047539E-03
   836     0.6019824E-03
   837     0.5992235E-03
   838     0.5964773E-03
   839     0.5937436E-03
   840     0.5910224E-03
   841     0.5883137E-03
   842     0.5856173E-03
   843     0.5829333E-03
   844     0.5802615E-03
   845     0.5776020E-03
   846     0.5749546E-03
   847     0.5723193E-03
   848     0.5696961E-03
   849     0.5670848E-03
   850     0.5644855E-03
   851     0.5618981E-03
   852     0.5593225E-03
   853     0.5567587E-03
   854     0.5542067E-03
   855     0.5516663E-03
   856     0.5491375E-03
   857     0.5466203E-03
   858     0.5441146E-03
   859     0.5416203E-03
   860     0.5391375E-03
   861     0.5366660E-03
   862     0.5342058E-03
   863     0.5317569E-03
   864     0.5293192E-03
   865     0.5268926E-03
   866     0.5244772E-03
   867     0.5220728E-03
   868     0.5196794E-03
   869     0.5172969E-03
   870     0.5149253E-03
   871     0.5125646E-03
   872     0.5102147E-03
   873     0.5078759E-03
   874     0.5055484E-03
   875     0.5032316E-03
   876     0.5009253E-03
   877     0.4986296E-03
   878     0.4963444E-03
   879     0.4940697E-03
   880     0.4918053E-03
   881     0.4895513E-03
   882     0.4873076E-03
   883     0.4850742E-03
   884     0.4828510E-03
   885     0.4806379E-03
   886     0.4784350E-03
   887     0.4762422E-03
   888     0.4740594E-03
   889     0.4718865E-03
   890     0.4697236E-03
   891     0.4675706E-03
   892     0.4654275E-03
   893     0.4632942E-03
   894     0.4611706E-03
   895     0.4590567E-03
   896     0.4569525E-03
   897     0.4548580E-03
   898     0.4527730E-03
   899     0.4506975E-03
   900     0.4486316E-03
   901     0.4465751E-03
   902     0.4445280E-03
   903     0.4424903E-03
   904     0.4404619E-03
   905     0.4384428E-03
   906     0.4364329E-03
   907     0.4344323E-03
   908     0.4324408E-03
   909     0.4304584E-03
   910     0.4284850E-03
   911     0.4265207E-03
   912     0.4245654E-03
   913     0.4226191E-03
   914     0.4206816E-03
   915     0.4187531E-03
   916     0.4168333E-03
   917     0.4149223E-03
   918     0.4130201E-03
   919     0.4111266E-03
   920     0.4092418E-03
   921     0.4073655E-03
   922     0.4054979E-03
   923     0.4036388E-03
   924     0.4017883E-03
   925     0.3999462E-03
   926     0.3981125E-03
   927     0.3962873E-03
   928     0.3944704E-03
   929     0.3926618E-03
   930     0.3908615E-03
   931     0.3890694E-03
   932     0.3872855E-03
   933     0.3855098E-03
   934     0.3837423E-03
   935     0.3819828E-03
   936     0.3802314E-03
   937     0.3784880E-03
   938     0.3767526E-03
   939     0.3750251E-03
   940     0.3733056E-03
   941     0.3715939E-03
   942     0.3698900E-03
   943     0.3681940E-03
   944     0.3665057E-03
   945     0.3648252E-03
   946     0.3631523E-03
   947     0.3614871E-03
   948     0.3598296E-03
   949     0.3581796E-03
   950     0.3565372E-03
   951     0.3549023E-03
   952     0.3532749E-03
   953     0.3516550E-03
   954     0.3500425E-03
   955     0.3484373E-03
   956     0.3468395E-03
   957     0.3452490E-03
   958     0.3436659E-03
   959     0.3420899E-03
   960     0.3405212E-03
   961     0.3389597E-03
   962     0.3374053E-03
   963     0.3358580E-03
   964     0.3343179E-03
   965     0.3327848E-03
   966     0.3312587E-03
   967     0.3297396E-03
   968     0.3282274E-03
   969     0.3267222E-03
   970     0.3252239E-03
   971     0.3237324E-03
   972     0.3222478E-03
   973     0.3207700E-03
   974     0.3192990E-03
   975     0.3178346E-03
   976     0.3163770E-03
   977     0.3149261E-03
   978     0.3134818E-03
   979     0.3120442E-03
   980     0.3106131E-03
   981     0.3091886E-03
   982     0.3077706E-03
   983     0.3063591E-03
   984     0.3049541E-03
   985     0.3035555E-03
   986     0.3021633E-03
   987     0.3007775E-03
   988     0.2993981E-03
   989     0.2980249E-03
   990     0.2966581E-03
   991     0.2952975E-03
   992     0.2939432E-03
   993     0.2925951E-03
   994     0.2912531E-03
   995     0.2899173E-03
   996     0.2885876E-03
   997     0.2872640E-03
   998     0.2859465E-03
   999     0.2846350E-03
  1000     0.2833295E-03
  1001     0.2820300E-03
  1002     0.2807365E-03
  1003     0.2794489E-03
  1004     0.2781672E-03
  1005     0.2768913E-03
  1006     0.2756213E-03
  1007     0.2743572E-03
  1008     0.2730988E-03
  1009     0.2718462E-03
  1010     0.2705993E-03
  1011     0.2693582E-03
  1012     0.2681227E-03
  1013     0.2668929E-03
  1014     0.2656687E-03
  1015     0.2644502E-03
  1016     0.2632372E-03
  1017     0.2620298E-03
  1018     0.2608279E-03
  1019     0.2596316E-03
  1020     0.2584407E-03
  1021     0.2572552E-03
  1022     0.2560752E-03
  1023     0.2549007E-03
  1024     0.2537315E-03
  1025     0.2525676E-03
  1026     0.2514091E-03
  1027     0.2502559E-03
  1028     0.2491080E-03
  1029     0.2479654E-03
  1030     0.2468279E-03
  1031     0.2456958E-03
  1032     0.2445687E-03
  1033     0.2434469E-03
  1034     0.2423302E-03
  1035     0.2412186E-03
  1036     0.2401121E-03
  1037     0.2390107E-03
  1038     0.2379144E-03
  1039     0.2368230E-03
  1040     0.2357367E-03
  1041     0.2346553E-03
  1042     0.2335789E-03
  1043     0.2325075E-03
  1044     0.2314409E-03
  1045     0.2303793E-03
  1046     0.2293225E-03
  1047     0.2282705E-03
  1048     0.2272234E-03
  1049     0.2261811E-03
  1050     0.2251435E-03
  1051     0.2241107E-03
  1052     0.2230827E-03
  1053     0.2220593E-03
  1054     0.2210407E-03
  1055     0.2200267E-03
  1056     0.2190174E-03
  1057     0.2180127E-03
  1058     0.2170126E-03
  1059     0.2160171E-03
  1060     0.2150261E-03
  1061     0.2140397E-03
  1062     0.2130578E-03
  1063     0.2120804E-03
  1064     0.2111075E-03
  1065     0.2101391E-03
  1066     0.2091751E-03
  1067     0.2082155E-03
  1068     0.2072604E-03
  1069     0.2063096E-03
  1070     0.2053631E-03
  1071     0.2044210E-03
  1072     0.2034832E-03
  1073     0.2025498E-03
  1074     0.2016206E-03
  1075     0.2006956E-03
  1076     0.1997749E-03
  1077     0.1988584E-03
  1078     0.1979462E-03
  1079     0.1970381E-03
  1080     0.1961341E-03
  1081     0.1952344E-03
  1082     0.1943387E-03
  1083     0.1934471E-03
  1084     0.1925597E-03
  1085     0.1916763E-03
  1086     0.1907970E-03
  1087     0.1899216E-03
  1088     0.1890503E-03
  1089     0.1881830E-03
  1090     0.1873197E-03
  1091     0.1864604E-03
  1092     0.1856049E-03
  1093     0.1847534E-03
  1094     0.1839058E-03
  1095     0.1830621E-03
  1096     0.1822223E-03
  1097     0.1813863E-03
  1098     0.1805541E-03
  1099     0.1797258E-03
  1100     0.1789013E-03
  1101     0.1780805E-03
  1102     0.1772635E-03
  1103     0.1764503E-03
  1104     0.1756407E-03
  1105     0.1748349E-03
  1106     0.1740328E-03
  1107     0.1732344E-03
  1108     0.1724396E-03
  1109     0.1716485E-03
  1110     0.1708610E-03
  1111     0.1700771E-03
  1112     0.1692968E-03
  1113     0.1685201E-03
  1114     0.1677469E-03
  1115     0.1669773E-03
  1116     0.1662112E-03
  1117     0.1654487E-03
  1118     0.1646896E-03
  1119     0.1639340E-03
  1120     0.1631819E-03
  1121     0.1624332E-03
  1122     0.1616880E-03
  1123     0.1609462E-03
  1124     0.1602078E-03
  1125     0.1594727E-03
  1126     0.1587411E-03
  1127     0.1580128E-03
  1128     0.1572878E-03
  1129     0.1565662E-03
  1130     0.1558478E-03
  1131     0.1551328E-03
  1132     0.1544211E-03
  1133     0.1537126E-03
  1134     0.1530073E-03
  1135     0.1523053E-03
  1136     0.1516065E-03
  1137     0.1509109E-03
  1138     0.1502186E-03
  1139     0.1495293E-03
  1140     0.1488433E-03
  1141     0.1481604E-03
  1142     0.1474806E-03
  1143     0.1468039E-03
  1144     0.1461304E-03
  1145     0.1454599E-03
  1146     0.1447925E-03
  1147     0.1441282E-03
  1148     0.1434669E-03
  1149     0.1428087E-03
  1150     0.1421534E-03
  1151     0.1415012E-03
  1152     0.1408520E-03
  1153     0.1402057E-03
  1154     0.1395624E-03
  1155     0.1389221E-03
  1156     0.1382847E-03
  1157     0.1376502E-03
  1158     0.1370187E-03
  1159     0.1363900E-03
  1160     0.1357642E-03
  1161     0.1351413E-03
  1162     0.1345212E-03
  1163     0.1339040E-03
  1164     0.1332896E-03
  1165     0.1326780E-03
  1166     0.1320693E-03
  1167     0.1314633E-03
  1168     0.1308601E-03
  1169     0.1302597E-03
  1170     0.1296620E-03
  1171     0.1290671E-03
  1172     0.1284749E-03
  1173     0.1278854E-03
  1174     0.1272986E-03
  1175     0.1267146E-03
  1176     0.1261331E-03
  1177     0.1255544E-03
  1178     0.1249783E-03
  1179     0.1244049E-03
  1180     0.1238341E-03
  1181     0.1232659E-03
  1182     0.1227003E-03
  1183     0.1221373E-03
  1184     0.1215769E-03
  1185     0.1210190E-03
  1186     0.1204638E-03
  1187     0.1199110E-03
  1188     0.1193608E-03
  1189     0.1188131E-03
  1190     0.1182680E-03
  1191     0.1177253E-03
  1192     0.1171851E-03
  1193     0.1166475E-03
  1194     0.1161122E-03
  1195     0.1155795E-03
  1196     0.1150491E-03
  1197     0.1145212E-03
  1198     0.1139958E-03
  1199     0.1134727E-03
  1200     0.1129520E-03
  1201     0.1124337E-03
  1202     0.1119179E-03
  1203     0.1114043E-03
  1204     0.1108931E-03
  1205     0.1103843E-03
  1206     0.1098778E-03
  1207     0.1093736E-03
  1208     0.1088718E-03
  1209     0.1083722E-03
  1210     0.1078750E-03
  1211     0.1073800E-03
  1212     0.1068873E-03
  1213     0.1063968E-03
  1214     0.1059086E-03
  1215     0.1054226E-03
  1216     0.1049389E-03
  1217     0.1044574E-03
  1218     0.1039781E-03
  1219     0.1035011E-03
  1220     0.1030262E-03
  1221     0.1025535E-03
  1222     0.1020830E-03
  1223     0.1016147E-03
  1224     0.1011485E-03
  1225     0.1006844E-03
  1226     0.1002225E-03
  1227     0.9976263E-04
  1228     0.9930491E-04
  1229     0.9884930E-04
  1230     0.9839577E-04
  1231     0.9794433E-04
  1232     0.9749495E-04
  1233     0.9704764E-04
  1234     0.9660238E-04
  1235     0.9615916E-04
  1236     0.9571798E-04
  1237     0.9527881E-04
  1238     0.9484167E-04
  1239     0.9440652E-04
  1240     0.9397338E-04
  1241     0.9354221E-04
  1242     0.9311303E-04
  1243     0.9268582E-04
  1244     0.9226056E-04
  1245     0.9183726E-04
  1246     0.9141590E-04
  1247     0.9099647E-04
  1248     0.9057896E-04
  1249     0.9016337E-04
  1250     0.8974969E-04
  1251     0.8933790E-04
  1252     0.8892800E-04
  1253     0.8851999E-04
  1254     0.8811384E-04
  1255     0.8770956E-04
  1256     0.8730713E-04
  1257     0.8690654E-04
  1258     0.8650780E-04
  1259     0.8611088E-04
  1260     0.8571579E-04
  1261     0.8532250E-04
  1262     0.8493102E-04
  1263     0.8454134E-04
  1264     0.8415344E-04
  1265     0.8376733E-04
  1266     0.8338298E-04
  1267     0.8300040E-04
  1268     0.8261957E-04
  1269     0.8224049E-04
  1270     0.8186315E-04
  1271     0.8148754E-04
  1272     0.8111365E-04
  1273     0.8074148E-04
  1274     0.8037101E-04
  1275     0.8000225E-04
  1276     0.7963517E-04
  1277     0.7926978E-04
  1278     0.7890607E-04
  1279     0.7854402E-04
  1280     0.7818363E-04
  1281     0.7782490E-04
  1282     0.7746782E-04
  1283     0.7711237E-04
  1284     0.7675855E-04
  1285     0.7640635E-04
  1286     0.7605577E-04
  1287     0.7570680E-04
  1288     0.7535943E-04
  1289     0.7501366E-04
  1290     0.7466946E-04
  1291     0.7432685E-04
  1292     0.7398581E-04
  1293     0.7364634E-04
  1294     0.7330842E-04
  1295     0.7297205E-04
  1296     0.7263723E-04
  1297     0.7230394E-04
  1298     0.7197218E-04
  1299     0.7164194E-04
  1300     0.7131321E-04
  1301     0.7098600E-04
  1302     0.7066029E-04
  1303     0.7033607E-04
  1304     0.7001333E-04
  1305     0.6969208E-04
  1306     0.6937230E-04
  1307     0.6905399E-04
  1308     0.6873714E-04
  1309     0.6842174E-04
  1310     0.6810779E-04
  1311     0.6779528E-04
  1312     0.6748420E-04
  1313     0.6717455E-04
  1314     0.6686632E-04
  1315     0.6655951E-04
  1316     0.6625410E-04
  1317     0.6595009E-04
  1318     0.6564748E-04
  1319     0.6534626E-04
  1320     0.6504642E-04
  1321     0.6474795E-04
  1322     0.6445085E-04
  1323     0.6415512E-04
  1324     0.6386074E-04
  1325     0.6356771E-04
  1326     0.6327603E-04
  1327     0.6298569E-04
  1328     0.6269667E-04
  1329     0.6240899E-04
  1330     0.6212262E-04
  1331     0.6183757E-04
  1332     0.6155382E-04
  1333     0.6127138E-04
  1334     0.6099023E-04
  1335     0.6071037E-04
  1336     0.6043180E-04
  1337     0.6015450E-04
  1338     0.5987848E-04
  1339     0.5960372E-04
  1340     0.5933022E-04
  1341     0.5905798E-04
  1342     0.5878699E-04
  1343     0.5851724E-04
  1344     0.5824873E-04
  1345     0.5798145E-04
  1346     0.5771539E-04
  1347     0.5745056E-04
  1348     0.5718694E-04
  1349     0.5692453E-04
  1350     0.5666332E-04
  1351     0.5640332E-04
  1352     0.5614450E-04
  1353     0.5588687E-04
  1354     0.5563043E-04
  1355     0.5537516E-04
  1356     0.5512106E-04
  1357     0.5486813E-04
  1358     0.5461636E-04
  1359     0.5436575E-04
  1360     0.5411628E-04
  1361     0.5386796E-04
  1362     0.5362078E-04
  1363     0.5337473E-04
  1364     0.5312981E-04
  1365     0.5288601E-04
  1366     0.5264333E-04
  1367     0.5240177E-04
  1368     0.5216131E-04
  1369     0.5192196E-04
  1370     0.5168371E-04
  1371     0.5144655E-04
  1372     0.5121047E-04
  1373     0.5097548E-04
  1374     0.5074157E-04
  1375     0.5050873E-04
  1376     0.5027696E-04
  1377     0.5004625E-04
  1378     0.4981661E-04
  1379     0.4958801E-04
  1380     0.4936046E-04
  1381     0.4913396E-04
  1382     0.4890850E-04
  1383     0.4868407E-04
  1384     0.4846067E-04
  1385     0.4823830E-04
  1386     0.4801694E-04
  1387     0.4779661E-04
  1388     0.4757728E-04
  1389     0.4735896E-04
  1390     0.4714164E-04
  1391     0.4692532E-04
  1392     0.4670999E-04
  1393     0.4649565E-04
  1394     0.4628229E-04
  1395     0.4606991E-04
  1396     0.4585850E-04
  1397     0.4564807E-04
  1398     0.4543860E-04
  1399     0.4523009E-04
  1400     0.4502254E-04
  1401     0.4481594E-04
  1402     0.4461029E-04
  1403     0.4440558E-04
  1404     0.4420181E-04
  1405     0.4399898E-04
  1406     0.4379707E-04
  1407     0.4359610E-04
  1408     0.4339604E-04
  1409     0.4319690E-04
  1410     0.4299868E-04
  1411     0.4280137E-04
  1412     0.4260496E-04
  1413     0.4240945E-04
  1414     0.4221484E-04
  1415     0.4202112E-04
  1416     0.4182830E-04
  1417     0.4163635E-04
  1418     0.4144529E-04
  1419     0.4125510E-04
  1420     0.4106579E-04
  1421     0.4087734E-04
  1422     0.4068976E-04
  1423     0.4050304E-04
  1424     0.4031718E-04
  1425     0.4013217E-04
  1426     0.3994801E-04
  1427     0.3976469E-04
  1428     0.3958222E-04
  1429     0.3940058E-04
  1430     0.3921977E-04
  1431     0.3903980E-04
  1432     0.3886065E-04
  1433     0.3868232E-04
  1434     0.3850481E-04
  1435     0.3832812E-04
  1436     0.3815223E-04
  1437     0.3797716E-04
  1438     0.3780288E-04
  1439     0.3762941E-04
  1440     0.3745673E-04
  1441     0.3728484E-04
  1442     0.3711375E-04
  1443     0.3694343E-04
  1444     0.3677390E-04
  1445     0.3660515E-04
  1446     0.3643717E-04
  1447     0.3626997E-04
  1448     0.3610352E-04
  1449     0.3593785E-04
  1450     0.3577293E-04
  1451     0.3560877E-04
  1452     0.3544536E-04
  1453     0.3528271E-04
  1454     0.3512080E-04
  1455     0.3495963E-04
  1456     0.3479920E-04
  1457     0.3463951E-04
  1458     0.3448055E-04
  1459     0.3432232E-04
  1460     0.3416482E-04
  1461     0.3400804E-04
  1462     0.3385197E-04
  1463     0.3369663E-04
  1464     0.3354199E-04
  1465     0.3338807E-04
  1466     0.3323485E-04
  1467     0.3308234E-04
  1468     0.3293053E-04
  1469     0.3277941E-04
  1470     0.3262898E-04
  1471     0.3247925E-04
  1472     0.3233020E-04
  1473     0.3218184E-04
  1474     0.3203416E-04
  1475     0.3188715E-04
  1476     0.3174082E-04
  1477     0.3159516E-04
  1478     0.3145017E-04
  1479     0.3130585E-04
  1480     0.3116218E-04
  1481     0.3101918E-04
  1482     0.3087683E-04
  1483     0.3073514E-04
  1484     0.3059410E-04
  1485     0.3045370E-04
  1486     0.3031395E-04
  1487     0.3017483E-04
  1488     0.3003636E-04
  1489     0.2989852E-04
  1490     0.2976132E-04
  1491     0.2962474E-04
  1492     0.2948879E-04
  1493     0.2935347E-04
  1494     0.2921876E-04
  1495     0.2908468E-04
  1496     0.2895121E-04
  1497     0.2881835E-04
  1498     0.2868610E-04
  1499     0.2855446E-04
  1500     0.2842342E-04
  1501     0.2829298E-04
  1502     0.2816314E-04
  1503     0.2803390E-04
  1504     0.2790525E-04
  1505     0.2777719E-04
  1506     0.2764972E-04
  1507     0.2752284E-04
  1508     0.2739653E-04
  1509     0.2727081E-04
  1510     0.2714566E-04
  1511     0.2702108E-04
  1512     0.2689708E-04
  1513     0.2677365E-04
  1514     0.2665078E-04
  1515     0.2652848E-04
  1516     0.2640674E-04
  1517     0.2628556E-04
  1518     0.2616493E-04
  1519     0.2604486E-04
  1520     0.2592533E-04
  1521     0.2580636E-04
  1522     0.2568793E-04
  1523     0.2557005E-04
  1524     0.2545270E-04
  1525     0.2533590E-04
  1526     0.2521963E-04
  1527     0.2510389E-04
  1528     0.2498869E-04
  1529     0.2487401E-04
  1530     0.2475986E-04
  1531     0.2464624E-04
  1532     0.2453313E-04
  1533     0.2442055E-04
  1534     0.2430848E-04
  1535     0.2419692E-04
  1536     0.2408588E-04
  1537     0.2397535E-04
  1538     0.2386532E-04
  1539     0.2375580E-04
  1540     0.2364678E-04
  1541     0.2353826E-04
  1542     0.2343024E-04
  1543     0.2332272E-04
  1544     0.2321569E-04
  1545     0.2310915E-04
  1546     0.2300310E-04
  1547     0.2289753E-04
  1548     0.2279245E-04
  1549     0.2268785E-04
  1550     0.2258374E-04
  1551     0.2248010E-04
  1552     0.2237693E-04
  1553     0.2227424E-04
  1554     0.2217202E-04
  1555     0.2207027E-04
  1556     0.2196898E-04
  1557     0.2186817E-04
  1558     0.2176781E-04
  1559     0.2166791E-04
  1560     0.2156847E-04
  1561     0.2146949E-04
  1562     0.2137097E-04
  1563     0.2127289E-04
  1564     0.2117527E-04
  1565     0.2107809E-04
  1566     0.2098136E-04
  1567     0.2088507E-04
  1568     0.2078923E-04
  1569     0.2069382E-04
  1570     0.2059885E-04
  1571     0.2050432E-04
  1572     0.2041022E-04
  1573     0.2031656E-04
  1574     0.2022332E-04
  1575     0.2013051E-04
  1576     0.2003813E-04
  1577     0.1994617E-04
  1578     0.1985463E-04
  1579     0.1976351E-04
  1580     0.1967282E-04
  1581     0.1958253E-04
  1582     0.1949266E-04
  1583     0.1940321E-04
  1584     0.1931416E-04
  1585     0.1922553E-04
  1586     0.1913730E-04
  1587     0.1904947E-04
  1588     0.1896205E-04
  1589     0.1887503E-04
  1590     0.1878841E-04
  1591     0.1870218E-04
  1592     0.1861635E-04
  1593     0.1853092E-04
  1594     0.1844588E-04
  1595     0.1836123E-04
  1596     0.1827696E-04
  1597     0.1819308E-04
  1598     0.1810959E-04
  1599     0.1802648E-04
  1600     0.1794376E-04
  1601     0.1786141E-04
  1602     0.1777944E-04
  1603     0.1769784E-04
  1604     0.1761662E-04
  1605     0.1753578E-04
  1606     0.1745530E-04
  1607     0.1737519E-04
  1608     0.1729545E-04
  1609     0.1721608E-04
  1610     0.1713707E-04
  1611     0.1705843E-04
  1612     0.1698014E-04
  1613     0.1690222E-04
  1614     0.1682465E-04
  1615     0.1674743E-04
  1616     0.1667058E-04
  1617     0.1659407E-04
  1618     0.1651792E-04
  1619     0.1644211E-04
  1620     0.1636665E-04
  1621     0.1629154E-04
  1622     0.1621678E-04
  1623     0.1614235E-04
  1624     0.1606827E-04
  1625     0.1599453E-04
  1626     0.1592113E-04
  1627     0.1584806E-04
  1628     0.1577533E-04
  1629     0.1570293E-04
  1630     0.1563087E-04
  1631     0.1555913E-04
  1632     0.1548773E-04
  1633     0.1541665E-04
  1634     0.1534590E-04
  1635     0.1527547E-04
  1636     0.1520537E-04
  1637     0.1513559E-04
  1638     0.1506613E-04
  1639     0.1499698E-04
  1640     0.1492816E-04
  1641     0.1485965E-04
  1642     0.1479145E-04
  1643     0.1472357E-04
  1644     0.1465600E-04
  1645     0.1458874E-04
  1646     0.1452179E-04
  1647     0.1445514E-04
  1648     0.1438880E-04
  1649     0.1432277E-04
  1650     0.1425704E-04
  1651     0.1419161E-04
  1652     0.1412648E-04
  1653     0.1406165E-04
  1654     0.1399711E-04
  1655     0.1393288E-04
  1656     0.1386893E-04
  1657     0.1380529E-04
  1658     0.1374193E-04
  1659     0.1367886E-04
  1660     0.1361609E-04
  1661     0.1355360E-04
  1662     0.1349140E-04
  1663     0.1342948E-04
  1664     0.1336785E-04
  1665     0.1330650E-04
  1666     0.1324543E-04
  1667     0.1318464E-04
  1668     0.1312413E-04
  1669     0.1306390E-04
  1670     0.1300395E-04
  1671     0.1294427E-04
  1672     0.1288486E-04
  1673     0.1282573E-04
  1674     0.1276687E-04
  1675     0.1270828E-04
  1676     0.1264996E-04
  1677     0.1259190E-04
  1678     0.1253411E-04
  1679     0.1247659E-04
  1680     0.1241933E-04
  1681     0.1236233E-04
  1682     0.1230560E-04
  1683     0.1224912E-04
  1684     0.1219291E-04
  1685     0.1213695E-04
  1686     0.1208125E-04
  1687     0.1202581E-04
  1688     0.1197062E-04
  1689     0.1191568E-04
  1690     0.1186099E-04
  1691     0.1180656E-04
  1692     0.1175237E-04
  1693     0.1169844E-04
  1694     0.1164475E-04
  1695     0.1159131E-04
  1696     0.1153811E-04
  1697     0.1148516E-04
  1698     0.1143245E-04
  1699     0.1137998E-04
  1700     0.1132776E-04
  1701     0.1127577E-04
  1702     0.1122402E-04
  1703     0.1117251E-04
  1704     0.1112123E-04
  1705     0.1107019E-04
  1706     0.1101939E-04
  1707     0.1096882E-04
  1708     0.1091848E-04
  1709     0.1086837E-04
  1710     0.1081849E-04
  1711     0.1076884E-04
  1712     0.1071942E-04
  1713     0.1067022E-04
  1714     0.1062125E-04
  1715     0.1057251E-04
  1716     0.1052399E-04
  1717     0.1047569E-04
  1718     0.1042761E-04
  1719     0.1037976E-04
  1720     0.1033212E-04
  1721     0.1028470E-04
  1722     0.1023750E-04
  1723     0.1019052E-04
  1724     0.1014375E-04
  1725     0.1009719E-04
  1726     0.1005085E-04
  1727     0.1000473E-04
  1728     0.9958812E-05
