     0     0.3000000E+02
     1     0.2348852E+02
     2     0.1286370E+02
     3     0.8601979E+01
     4     0.5619068E+01
     5     0.3959818E+01
     6     0.2590982E+01
     7     0.1768622E+01
     8     0.1106378E+01
     9     0.7530054E+00
    10     0.6606331E+00
    11     0.5841717E+00
    12     0.5205812E+00
    13     0.4729026E+00
    14     0.4338260E+00
    15     0.3944533E+00
    16     0.3633724E+00
    17     0.3321269E+00
    18     0.3057279E+00
    19     0.2807780E+00
    20     0.2582250E+00
    21     0.2381905E+00
    22     0.2188293E+00
    23     0.2026652E+00
    24     0.1906181E+00
    25     0.1802755E+00
    26     0.1706270E+00
    27     0.1626004E+00
    28     0.1547351E+00
    29     0.1479880E+00
    30     0.1416949E+00
    31     0.1361523E+00
    32     0.1307733E+00
    33     0.1257060E+00
    34     0.1211648E+00
    35     0.1167671E+00
    36     0.1127143E+00
    37     0.1089908E+00
    38     0.1054194E+00
    39     0.1022046E+00
    40     0.9907112E-01
    41     0.9602580E-01
    42     0.9310782E-01
    43     0.9046275E-01
    44     0.8805397E-01
    45     0.8574330E-01
    46     0.8348427E-01
    47     0.8128010E-01
    48     0.7921190E-01
    49     0.7725690E-01
    50     0.7534713E-01
    51     0.7359154E-01
    52     0.7190688E-01
    53     0.7025709E-01
    54     0.6871052E-01
    55     0.6722907E-01
    56     0.6601894E-01
    57     0.6485129E-01
    58     0.6370480E-01
    59     0.6258910E-01
    60     0.6152612E-01
    61     0.6048242E-01
    62     0.5945812E-01
    63     0.5851221E-01
    64     0.5759418E-01
    65     0.5669084E-01
    66     0.5580239E-01
    67     0.5495847E-01
    68     0.5412984E-01
    69     0.5331471E-01
    70     0.5252866E-01
    71     0.5179251E-01
    72     0.5106673E-01
    73     0.5035146E-01
    74     0.4965267E-01
    75     0.4898266E-01
    76     0.4832221E-01
    77     0.4767138E-01
    78     0.4704365E-01
    79     0.4645112E-01
    80     0.4586611E-01
    81     0.4528872E-01
    82     0.4472118E-01
    83     0.4417812E-01
    84     0.4364198E-01
    85     0.4311281E-01
    86     0.4259064E-01
    87     0.4210447E-01
    88     0.4162524E-01
    89     0.4115160E-01
    90     0.4068359E-01
    91     0.4022985E-01
    92     0.3978796E-01
    93     0.3935118E-01
    94     0.3891956E-01
    95     0.3849678E-01
    96     0.3809883E-01
    97     0.3770503E-01
    98     0.3731542E-01
    99     0.3693002E-01
   100     0.3655612E-01
   101     0.3619104E-01
   102     0.3582980E-01
   103     0.3547242E-01
   104     0.3511892E-01
   105     0.3478643E-01
   106     0.3445841E-01
   107     0.3413357E-01
   108     0.3381191E-01
   109     0.3349552E-01
   110     0.3319000E-01
   111     0.3288740E-01
   112     0.3258773E-01
   113     0.3229099E-01
   114     0.3200137E-01
   115     0.3172500E-01
   116     0.3145104E-01
   117     0.3117953E-01
   118     0.3091048E-01
   119     0.3064724E-01
   120     0.3039104E-01
   121     0.3013709E-01
   122     0.2988541E-01
   123     0.2963599E-01
   124     0.2939132E-01
   125     0.2915808E-01
   126     0.2892674E-01
   127     0.2869730E-01
   128     0.2846978E-01
   129     0.2824606E-01
   130     0.2802901E-01
   131     0.2781371E-01
   132     0.2760019E-01
   133     0.2738846E-01
   134     0.2717851E-01
   135     0.2697703E-01
   136     0.2677991E-01
   137     0.2658430E-01
   138     0.2639020E-01
   139     0.2619763E-01
   140     0.2601180E-01
   141     0.2582780E-01
   142     0.2564521E-01
   143     0.2546404E-01
   144     0.2528428E-01
   145     0.2510594E-01
   146     0.2493491E-01
   147     0.2476695E-01
   148     0.2460021E-01
   149     0.2443468E-01
   150     0.2427288E-01
   151     0.2411462E-01
   152     0.2395747E-01
   153     0.2380145E-01
   154     0.2364657E-01
   155     0.2349281E-01
   156     0.2334020E-01
   157     0.2319111E-01
   158     0.2304704E-01
   159     0.2290394E-01
   160     0.2276266E-01
   161     0.2262578E-01
   162     0.2248979E-01
   163     0.2235471E-01
   164     0.2222052E-01
   165     0.2208724E-01
   166     0.2195486E-01
   167     0.2182339E-01
   168     0.2169431E-01
   169     0.2156844E-01
   170     0.2144340E-01
   171     0.2132376E-01
   172     0.2120547E-01
   173     0.2108790E-01
   174     0.2097105E-01
   175     0.2085491E-01
   176     0.2073949E-01
   177     0.2062479E-01
   178     0.2051248E-01
   179     0.2040259E-01
   180     0.2029336E-01
   181     0.2018478E-01
   182     0.2007686E-01
   183     0.1997202E-01
   184     0.1986972E-01
   185     0.1976799E-01
   186     0.1966681E-01
   187     0.1956621E-01
   188     0.1946846E-01
   189     0.1937198E-01
   190     0.1927601E-01
   191     0.1918055E-01
   192     0.1908561E-01
   193     0.1899118E-01
   194     0.1889727E-01
   195     0.1880538E-01
   196     0.1871518E-01
   197     0.1862561E-01
   198     0.1853999E-01
   199     0.1845476E-01
   200     0.1836993E-01
   201     0.1828549E-01
   202     0.1820145E-01
   203     0.1811781E-01
   204     0.1803457E-01
   205     0.1795399E-01
   206     0.1787389E-01
   207     0.1779415E-01
   208     0.1771478E-01
   209     0.1763576E-01
   210     0.1755710E-01
   211     0.1748181E-01
   212     0.1740695E-01
   213     0.1733239E-01
   214     0.1725842E-01
   215     0.1718656E-01
   216     0.1711497E-01
   217     0.1704365E-01
   218     0.1697260E-01
   219     0.1690183E-01
   220     0.1683134E-01
   221     0.1676112E-01
   222     0.1669247E-01
   223     0.1662460E-01
   224     0.1655698E-01
   225     0.1648961E-01
   226     0.1642457E-01
   227     0.1636035E-01
   228     0.1629635E-01
   229     0.1623255E-01
   230     0.1616897E-01
   231     0.1610560E-01
   232     0.1604244E-01
   233     0.1598099E-01
   234     0.1591977E-01
   235     0.1585874E-01
   236     0.1579791E-01
   237     0.1573727E-01
   238     0.1567683E-01
   239     0.1561704E-01
   240     0.1555933E-01
   241     0.1550179E-01
   242     0.1544440E-01
   243     0.1538719E-01
   244     0.1533039E-01
   245     0.1527478E-01
   246     0.1521931E-01
   247     0.1516400E-01
   248     0.1510884E-01
   249     0.1505383E-01
   250     0.1499897E-01
   251     0.1494428E-01
   252     0.1488974E-01
   253     0.1483634E-01
   254     0.1478417E-01
   255     0.1473213E-01
   256     0.1468023E-01
   257     0.1462846E-01
   258     0.1457765E-01
   259     0.1452717E-01
   260     0.1447680E-01
   261     0.1442656E-01
   262     0.1437644E-01
   263     0.1432645E-01
   264     0.1427659E-01
   265     0.1422686E-01
   266     0.1417726E-01
   267     0.1412902E-01
   268     0.1408150E-01
   269     0.1403409E-01
   270     0.1398679E-01
   271     0.1393960E-01
   272     0.1389252E-01
   273     0.1384556E-01
   274     0.1379950E-01
   275     0.1375356E-01
   276     0.1370772E-01
   277     0.1366199E-01
   278     0.1361637E-01
   279     0.1357086E-01
   280     0.1352546E-01
   281     0.1348157E-01
   282     0.1343801E-01
   283     0.1339455E-01
   284     0.1335118E-01
   285     0.1330791E-01
   286     0.1326474E-01
   287     0.1322166E-01
   288     0.1317869E-01
   289     0.1313582E-01
   290     0.1309305E-01
   291     0.1305039E-01
   292     0.1300783E-01
   293     0.1296653E-01
   294     0.1292564E-01
   295     0.1288484E-01
   296     0.1284413E-01
   297     0.1280358E-01
   298     0.1276363E-01
   299     0.1272376E-01
   300     0.1268398E-01
   301     0.1264429E-01
   302     0.1260468E-01
   303     0.1256516E-01
   304     0.1252574E-01
   305     0.1248640E-01
   306     0.1244725E-01
   307     0.1240943E-01
   308     0.1237168E-01
   309     0.1233401E-01
   310     0.1229643E-01
   311     0.1225892E-01
   312     0.1222150E-01
   313     0.1218416E-01
   314     0.1214690E-01
   315     0.1210973E-01
   316     0.1207264E-01
   317     0.1203564E-01
   318     0.1199890E-01
   319     0.1196328E-01
   320     0.1192773E-01
   321     0.1189226E-01
   322     0.1185687E-01
   323     0.1182155E-01
   324     0.1178631E-01
   325     0.1175114E-01
   326     0.1171606E-01
   327     0.1168106E-01
   328     0.1164625E-01
   329     0.1161180E-01
   330     0.1157743E-01
   331     0.1154333E-01
   332     0.1150982E-01
   333     0.1147663E-01
   334     0.1144365E-01
   335     0.1141073E-01
   336     0.1137789E-01
   337     0.1134511E-01
   338     0.1131240E-01
   339     0.1127976E-01
   340     0.1124719E-01
   341     0.1121469E-01
   342     0.1118227E-01
   343     0.1114997E-01
   344     0.1111870E-01
   345     0.1108749E-01
   346     0.1105634E-01
   347     0.1102525E-01
   348     0.1099423E-01
   349     0.1096328E-01
   350     0.1093239E-01
   351     0.1090156E-01
   352     0.1087081E-01
   353     0.1084012E-01
   354     0.1080949E-01
   355     0.1077949E-01
   356     0.1074992E-01
   357     0.1072042E-01
   358     0.1069097E-01
   359     0.1066158E-01
   360     0.1063225E-01
   361     0.1060298E-01
   362     0.1057377E-01
   363     0.1054463E-01
   364     0.1051555E-01
   365     0.1048653E-01
   366     0.1045785E-01
   367     0.1042981E-01
   368     0.1040182E-01
   369     0.1037388E-01
   370     0.1034601E-01
   371     0.1031818E-01
   372     0.1029042E-01
   373     0.1026271E-01
   374     0.1023506E-01
   375     0.1020747E-01
   376     0.1017994E-01
   377     0.1015267E-01
   378     0.1012603E-01
   379     0.1009945E-01
   380     0.1007292E-01
   381     0.1004644E-01
   382     0.1002002E-01
   383     0.9993642E-02
   384     0.9967321E-02
   385     0.9941155E-02
   386     0.9915179E-02
   387     0.9889255E-02
   388     0.9863381E-02
   389     0.9837559E-02
   390     0.9812350E-02
   391     0.9787352E-02
   392     0.9762399E-02
   393     0.9737491E-02
   394     0.9712629E-02
   395     0.9687813E-02
   396     0.9663044E-02
   397     0.9638322E-02
   398     0.9613647E-02
   399     0.9589020E-02
   400     0.9564503E-02
   401     0.9540641E-02
   402     0.9516821E-02
   403     0.9493043E-02
   404     0.9469306E-02
   405     0.9445613E-02
   406     0.9421962E-02
   407     0.9398354E-02
   408     0.9374789E-02
   409     0.9351268E-02
   410     0.9327791E-02
   411     0.9304733E-02
   412     0.9281962E-02
   413     0.9259229E-02
   414     0.9236534E-02
   415     0.9213879E-02
   416     0.9191263E-02
   417     0.9168686E-02
   418     0.9146150E-02
   419     0.9123653E-02
   420     0.9101197E-02
   421     0.9078947E-02
   422     0.9057145E-02
   423     0.9035378E-02
   424     0.9013647E-02
   425     0.8991951E-02
   426     0.8970292E-02
   427     0.8948670E-02
   428     0.8927083E-02
   429     0.8905534E-02
   430     0.8884022E-02
   431     0.8862617E-02
   432     0.8841710E-02
   433     0.8820836E-02
   434     0.8799995E-02
   435     0.8779186E-02
   436     0.8758411E-02
   437     0.8737669E-02
   438     0.8716961E-02
   439     0.8696287E-02
   440     0.8675647E-02
   441     0.8655099E-02
   442     0.8635018E-02
   443     0.8614968E-02
   444     0.8594947E-02
   445     0.8574957E-02
   446     0.8554998E-02
   447     0.8535069E-02
   448     0.8515172E-02
   449     0.8495306E-02
   450     0.8475471E-02
   451     0.8455767E-02
   452     0.8436448E-02
   453     0.8417157E-02
   454     0.8397894E-02
   455     0.8378659E-02
   456     0.8359452E-02
   457     0.8340273E-02
   458     0.8321123E-02
   459     0.8302002E-02
   460     0.8282910E-02
   461     0.8264019E-02
   462     0.8245403E-02
   463     0.8226812E-02
   464     0.8208246E-02
   465     0.8189707E-02
   466     0.8171194E-02
   467     0.8152707E-02
   468     0.8134246E-02
   469     0.8115812E-02
   470     0.8097406E-02
   471     0.8079280E-02
   472     0.8061311E-02
   473     0.8043364E-02
   474     0.8025442E-02
   475     0.8007544E-02
   476     0.7989670E-02
   477     0.7971821E-02
   478     0.7953996E-02
   479     0.7936196E-02
   480     0.7918420E-02
   481     0.7901000E-02
   482     0.7883626E-02
   483     0.7866274E-02
   484     0.7848945E-02
   485     0.7831637E-02
   486     0.7814353E-02
   487     0.7797091E-02
   488     0.7779852E-02
   489     0.7762636E-02
   490     0.7745503E-02
   491     0.7728658E-02
   492     0.7711833E-02
   493     0.7695028E-02
   494     0.7678245E-02
   495     0.7661483E-02
   496     0.7644741E-02
   497     0.7628022E-02
   498     0.7611323E-02
   499     0.7594647E-02
   500     0.7578098E-02
   501     0.7561760E-02
   502     0.7545442E-02
   503     0.7529143E-02
   504     0.7512863E-02
   505     0.7496604E-02
   506     0.7480364E-02
   507     0.7464145E-02
   508     0.7447946E-02
   509     0.7431794E-02
   510     0.7415730E-02
   511     0.7399846E-02
   512     0.7383996E-02
   513     0.7368163E-02
   514     0.7352349E-02
   515     0.7336554E-02
   516     0.7320798E-02
   517     0.7305130E-02
   518     0.7289480E-02
   519     0.7273849E-02
   520     0.7258236E-02
   521     0.7242641E-02
   522     0.7227067E-02
   523     0.7211666E-02
   524     0.7196358E-02
   525     0.7181076E-02
   526     0.7165812E-02
   527     0.7150565E-02
   528     0.7135336E-02
   529     0.7120124E-02
   530     0.7104929E-02
   531     0.7089753E-02
   532     0.7074594E-02
   533     0.7059453E-02
   534     0.7044532E-02
   535     0.7029642E-02
   536     0.7014769E-02
   537     0.6999913E-02
   538     0.6985073E-02
   539     0.6970250E-02
   540     0.6955444E-02
   541     0.6940656E-02
   542     0.6925885E-02
   543     0.6911131E-02
   544     0.6896395E-02
   545     0.6881828E-02
   546     0.6867319E-02
   547     0.6852826E-02
   548     0.6838349E-02
   549     0.6823889E-02
   550     0.6809445E-02
   551     0.6795018E-02
   552     0.6780608E-02
   553     0.6766214E-02
   554     0.6751838E-02
   555     0.6737479E-02
   556     0.6723142E-02
   557     0.6708989E-02
   558     0.6694851E-02
   559     0.6680729E-02
   560     0.6666623E-02
   561     0.6652534E-02
   562     0.6638461E-02
   563     0.6624404E-02
   564     0.6610365E-02
   565     0.6596342E-02
   566     0.6582335E-02
   567     0.6568346E-02
   568     0.6554374E-02
   569     0.6540488E-02
   570     0.6526699E-02
   571     0.6512926E-02
   572     0.6499170E-02
   573     0.6485430E-02
   574     0.6471706E-02
   575     0.6457999E-02
   576     0.6444308E-02
   577     0.6430633E-02
   578     0.6416976E-02
   579     0.6403335E-02
   580     0.6389712E-02
   581     0.6376105E-02
   582     0.6362516E-02
   583     0.6349045E-02
   584     0.6335619E-02
   585     0.6322210E-02
   586     0.6308816E-02
   587     0.6295439E-02
   588     0.6282079E-02
   589     0.6268735E-02
   590     0.6255408E-02
   591     0.6242097E-02
   592     0.6228804E-02
   593     0.6215527E-02
   594     0.6202268E-02
   595     0.6189026E-02
   596     0.6175801E-02
   597     0.6162593E-02
   598     0.6149474E-02
   599     0.6136411E-02
   600     0.6123365E-02
   601     0.6110335E-02
   602     0.6097323E-02
   603     0.6084327E-02
   604     0.6071348E-02
   605     0.6058386E-02
   606     0.6045441E-02
   607     0.6032513E-02
   608     0.6019603E-02
   609     0.6006709E-02
   610     0.5993834E-02
   611     0.5980975E-02
   612     0.5968134E-02
   613     0.5955311E-02
   614     0.5942505E-02
   615     0.5929762E-02
   616     0.5917084E-02
   617     0.5904423E-02
   618     0.5891779E-02
   619     0.5879152E-02
   620     0.5866543E-02
   621     0.5853951E-02
   622     0.5841376E-02
   623     0.5828819E-02
   624     0.5816279E-02
   625     0.5803757E-02
   626     0.5791252E-02
   627     0.5778765E-02
   628     0.5766295E-02
   629     0.5753844E-02
   630     0.5741410E-02
   631     0.5728995E-02
   632     0.5716597E-02
   633     0.5704217E-02
   634     0.5691855E-02
   635     0.5679552E-02
   636     0.5667302E-02
   637     0.5655070E-02
   638     0.5642855E-02
   639     0.5630658E-02
   640     0.5618479E-02
   641     0.5606317E-02
   642     0.5594174E-02
   643     0.5582048E-02
   644     0.5569940E-02
   645     0.5557850E-02
   646     0.5545778E-02
   647     0.5533724E-02
   648     0.5521688E-02
   649     0.5509670E-02
   650     0.5497671E-02
   651     0.5485690E-02
   652     0.5473727E-02
   653     0.5461782E-02
   654     0.5449856E-02
   655     0.5437948E-02
   656     0.5426059E-02
   657     0.5414188E-02
   658     0.5402335E-02
   659     0.5390538E-02
   660     0.5378783E-02
   661     0.5367046E-02
   662     0.5355327E-02
   663     0.5343626E-02
   664     0.5331943E-02
   665     0.5320278E-02
   666     0.5308632E-02
   667     0.5297004E-02
   668     0.5285395E-02
   669     0.5273804E-02
   670     0.5262231E-02
   671     0.5250677E-02
   672     0.5239141E-02
   673     0.5227624E-02
   674     0.5216125E-02
   675     0.5204645E-02
   676     0.5193184E-02
   677     0.5181741E-02
   678     0.5170317E-02
   679     0.5158911E-02
   680     0.5147525E-02
   681     0.5136157E-02
   682     0.5124807E-02
   683     0.5113477E-02
   684     0.5102165E-02
   685     0.5090873E-02
   686     0.5079599E-02
   687     0.5068344E-02
   688     0.5057108E-02
   689     0.5045927E-02
   690     0.5034774E-02
   691     0.5023640E-02
   692     0.5012524E-02
   693     0.5001427E-02
   694     0.4990348E-02
   695     0.4979288E-02
   696     0.4968247E-02
   697     0.4957225E-02
   698     0.4946221E-02
   699     0.4935236E-02
   700     0.4924270E-02
   701     0.4913322E-02
   702     0.4902393E-02
   703     0.4891483E-02
   704     0.4880592E-02
   705     0.4869720E-02
   706     0.4858866E-02
   707     0.4848031E-02
   708     0.4837215E-02
   709     0.4826419E-02
   710     0.4815640E-02
   711     0.4804881E-02
   712     0.4794141E-02
   713     0.4783420E-02
   714     0.4772717E-02
   715     0.4762034E-02
   716     0.4751369E-02
   717     0.4740724E-02
   718     0.4730097E-02
   719     0.4719490E-02
   720     0.4708901E-02
   721     0.4698331E-02
   722     0.4687781E-02
   723     0.4677249E-02
   724     0.4666736E-02
   725     0.4656243E-02
   726     0.4645768E-02
   727     0.4635313E-02
   728     0.4624903E-02
   729     0.4614518E-02
   730     0.4604152E-02
   731     0.4593804E-02
   732     0.4583475E-02
   733     0.4573165E-02
   734     0.4562873E-02
   735     0.4552600E-02
   736     0.4542346E-02
   737     0.4532111E-02
   738     0.4521895E-02
   739     0.4511697E-02
   740     0.4501519E-02
   741     0.4491359E-02
   742     0.4481217E-02
   743     0.4471095E-02
   744     0.4460991E-02
   745     0.4450906E-02
   746     0.4440840E-02
   747     0.4430793E-02
   748     0.4420764E-02
   749     0.4410754E-02
   750     0.4400763E-02
   751     0.4390791E-02
   752     0.4380838E-02
   753     0.4370903E-02
   754     0.4360987E-02
   755     0.4351090E-02
   756     0.4341211E-02
   757     0.4331352E-02
   758     0.4321511E-02
   759     0.4311689E-02
   760     0.4301885E-02
   761     0.4292100E-02
   762     0.4282334E-02
   763     0.4272587E-02
   764     0.4262859E-02
   765     0.4253149E-02
   766     0.4243457E-02
   767     0.4233785E-02
   768     0.4224131E-02
   769     0.4214496E-02
   770     0.4204879E-02
   771     0.4195282E-02
   772     0.4185702E-02
   773     0.4176142E-02
   774     0.4166600E-02
   775     0.4157077E-02
   776     0.4147572E-02
   777     0.4138086E-02
   778     0.4128618E-02
   779     0.4119169E-02
   780     0.4109739E-02
   781     0.4100327E-02
   782     0.4090947E-02
   783     0.4081593E-02
   784     0.4072257E-02
   785     0.4062940E-02
   786     0.4053641E-02
   787     0.4044361E-02
   788     0.4035098E-02
   789     0.4025854E-02
   790     0.4016629E-02
   791     0.4007421E-02
   792     0.3998232E-02
   793     0.3989061E-02
   794     0.3979908E-02
   795     0.3970773E-02
   796     0.3961657E-02
   797     0.3952559E-02
   798     0.3943479E-02
   799     0.3934417E-02
   800     0.3925373E-02
   801     0.3916348E-02
   802     0.3907340E-02
   803     0.3898351E-02
   804     0.3889379E-02
   805     0.3880426E-02
   806     0.3871491E-02
   807     0.3862574E-02
   808     0.3853675E-02
   809     0.3844793E-02
   810     0.3835930E-02
   811     0.3827085E-02
   812     0.3818258E-02
   813     0.3809449E-02
   814     0.3800657E-02
   815     0.3791884E-02
   816     0.3783128E-02
   817     0.3774390E-02
   818     0.3765671E-02
   819     0.3756969E-02
   820     0.3748284E-02
   821     0.3739618E-02
   822     0.3730969E-02
   823     0.3722338E-02
   824     0.3713725E-02
   825     0.3705130E-02
   826     0.3696552E-02
   827     0.3687992E-02
   828     0.3679450E-02
   829     0.3670925E-02
   830     0.3662418E-02
   831     0.3653929E-02
   832     0.3645457E-02
   833     0.3637003E-02
   834     0.3628566E-02
   835     0.3620147E-02
   836     0.3611745E-02
   837     0.3603361E-02
   838     0.3594994E-02
   839     0.3586645E-02
   840     0.3578313E-02
   841     0.3569999E-02
   842     0.3561702E-02
   843     0.3553422E-02
   844     0.3545160E-02
   845     0.3536915E-02
   846     0.3528688E-02
   847     0.3520477E-02
   848     0.3512284E-02
   849     0.3504109E-02
   850     0.3495950E-02
   851     0.3487809E-02
   852     0.3479684E-02
   853     0.3471577E-02
   854     0.3463487E-02
   855     0.3455415E-02
   856     0.3447359E-02
   857     0.3439320E-02
   858     0.3431299E-02
   859     0.3423294E-02
   860     0.3415307E-02
   861     0.3407336E-02
   862     0.3399382E-02
   863     0.3391446E-02
   864     0.3383528E-02
   865     0.3375636E-02
   866     0.3367761E-02
   867     0.3359904E-02
   868     0.3352062E-02
   869     0.3344238E-02
   870     0.3336430E-02
   871     0.3328639E-02
   872     0.3320865E-02
   873     0.3313107E-02
   874     0.3305365E-02
   875     0.3297641E-02
   876     0.3289932E-02
   877     0.3282241E-02
   878     0.3274566E-02
   879     0.3266907E-02
   880     0.3259265E-02
   881     0.3251639E-02
   882     0.3244029E-02
   883     0.3236436E-02
   884     0.3228859E-02
   885     0.3221299E-02
   886     0.3213755E-02
   887     0.3206227E-02
   888     0.3198716E-02
   889     0.3191220E-02
   890     0.3183741E-02
   891     0.3176278E-02
   892     0.3168831E-02
   893     0.3161401E-02
   894     0.3153986E-02
   895     0.3146588E-02
   896     0.3139205E-02
   897     0.3131839E-02
   898     0.3124489E-02
   899     0.3117154E-02
   900     0.3109836E-02
   901     0.3102533E-02
   902     0.3095247E-02
   903     0.3087976E-02
   904     0.3080721E-02
   905     0.3073483E-02
   906     0.3066259E-02
   907     0.3059052E-02
   908     0.3051860E-02
   909     0.3044685E-02
   910     0.3037525E-02
   911     0.3030380E-02
   912     0.3023251E-02
   913     0.3016138E-02
   914     0.3009041E-02
   915     0.3001959E-02
   916     0.2994892E-02
   917     0.2987841E-02
   918     0.2980806E-02
   919     0.2973786E-02
   920     0.2966782E-02
   921     0.2959793E-02
   922     0.2952819E-02
   923     0.2945861E-02
   924     0.2938918E-02
   925     0.2931991E-02
   926     0.2925079E-02
   927     0.2918182E-02
   928     0.2911300E-02
   929     0.2904434E-02
   930     0.2897583E-02
   931     0.2890747E-02
   932     0.2883926E-02
   933     0.2877120E-02
   934     0.2870329E-02
   935     0.2863554E-02
   936     0.2856793E-02
   937     0.2850048E-02
   938     0.2843317E-02
   939     0.2836602E-02
   940     0.2829901E-02
   941     0.2823216E-02
   942     0.2816545E-02
   943     0.2809889E-02
   944     0.2803248E-02
   945     0.2796621E-02
   946     0.2790010E-02
   947     0.2783413E-02
   948     0.2776831E-02
   949     0.2770264E-02
   950     0.2763712E-02
   951     0.2757174E-02
   952     0.2750650E-02
   953     0.2744142E-02
   954     0.2737647E-02
   955     0.2731168E-02
   956     0.2724703E-02
   957     0.2718252E-02
   958     0.2711816E-02
   959     0.2705395E-02
   960     0.2698988E-02
   961     0.2692595E-02
   962     0.2686216E-02
   963     0.2679852E-02
   964     0.2673503E-02
   965     0.2667167E-02
   966     0.2660846E-02
   967     0.2654539E-02
   968     0.2648246E-02
   969     0.2641968E-02
   970     0.2635703E-02
   971     0.2629453E-02
   972     0.2623217E-02
   973     0.2616995E-02
   974     0.2610787E-02
   975     0.2604593E-02
   976     0.2598413E-02
   977     0.2592247E-02
   978     0.2586095E-02
   979     0.2579956E-02
   980     0.2573832E-02
   981     0.2567722E-02
   982     0.2561625E-02
   983     0.2555543E-02
   984     0.2549474E-02
   985     0.2543418E-02
   986     0.2537377E-02
   987     0.2531349E-02
   988     0.2525335E-02
   989     0.2519335E-02
   990     0.2513348E-02
   991     0.2507375E-02
   992     0.2501416E-02
   993     0.2495470E-02
   994     0.2489537E-02
   995     0.2483618E-02
   996     0.2477713E-02
   997     0.2471821E-02
   998     0.2465942E-02
   999     0.2460077E-02
  1000     0.2454226E-02
  1001     0.2448387E-02
  1002     0.2442562E-02
  1003     0.2436750E-02
  1004     0.2430952E-02
  1005     0.2425166E-02
  1006     0.2419394E-02
  1007     0.2413635E-02
  1008     0.2407890E-02
  1009     0.2402162E-02
  1010     0.2396447E-02
  1011     0.2390746E-02
  1012     0.2385057E-02
  1013     0.2379381E-02
  1014     0.2373718E-02
  1015     0.2368068E-02
  1016     0.2362431E-02
  1017     0.2356807E-02
  1018     0.2351196E-02
  1019     0.2345597E-02
  1020     0.2340012E-02
  1021     0.2334439E-02
  1022     0.2328879E-02
  1023     0.2323332E-02
  1024     0.2317797E-02
  1025     0.2312276E-02
  1026     0.2306766E-02
  1027     0.2301270E-02
  1028     0.2295786E-02
  1029     0.2290315E-02
  1030     0.2284856E-02
  1031     0.2279410E-02
  1032     0.2273976E-02
  1033     0.2268555E-02
  1034     0.2263147E-02
  1035     0.2257750E-02
  1036     0.2252367E-02
  1037     0.2246995E-02
  1038     0.2241636E-02
  1039     0.2236290E-02
  1040     0.2230955E-02
  1041     0.2225633E-02
  1042     0.2220323E-02
  1043     0.2215026E-02
  1044     0.2209740E-02
  1045     0.2204467E-02
  1046     0.2199206E-02
  1047     0.2193957E-02
  1048     0.2188721E-02
  1049     0.2183496E-02
  1050     0.2178284E-02
  1051     0.2173083E-02
  1052     0.2167895E-02
  1053     0.2162718E-02
  1054     0.2157554E-02
  1055     0.2152401E-02
  1056     0.2147261E-02
  1057     0.2142132E-02
  1058     0.2137015E-02
  1059     0.2131910E-02
  1060     0.2126817E-02
  1061     0.2121735E-02
  1062     0.2116666E-02
  1063     0.2111608E-02
  1064     0.2106562E-02
  1065     0.2101527E-02
  1066     0.2096505E-02
  1067     0.2091494E-02
  1068     0.2086494E-02
  1069     0.2081506E-02
  1070     0.2076530E-02
  1071     0.2071565E-02
  1072     0.2066612E-02
  1073     0.2061670E-02
  1074     0.2056740E-02
  1075     0.2051821E-02
  1076     0.2046914E-02
  1077     0.2042018E-02
  1078     0.2037134E-02
  1079     0.2032260E-02
  1080     0.2027399E-02
  1081     0.2022548E-02
  1082     0.2017709E-02
  1083     0.2012881E-02
  1084     0.2008064E-02
  1085     0.2003259E-02
  1086     0.1998465E-02
  1087     0.1993682E-02
  1088     0.1988910E-02
  1089     0.1984149E-02
  1090     0.1979399E-02
  1091     0.1974660E-02
  1092     0.1969933E-02
  1093     0.1965216E-02
  1094     0.1960511E-02
  1095     0.1955816E-02
  1096     0.1951133E-02
  1097     0.1946460E-02
  1098     0.1941798E-02
  1099     0.1937147E-02
  1100     0.1932507E-02
  1101     0.1927878E-02
  1102     0.1923260E-02
  1103     0.1918652E-02
  1104     0.1914056E-02
  1105     0.1909470E-02
  1106     0.1904894E-02
  1107     0.1900330E-02
  1108     0.1895776E-02
  1109     0.1891233E-02
  1110     0.1886700E-02
  1111     0.1882178E-02
  1112     0.1877667E-02
  1113     0.1873166E-02
  1114     0.1868676E-02
  1115     0.1864196E-02
  1116     0.1859727E-02
  1117     0.1855268E-02
  1118     0.1850819E-02
  1119     0.1846382E-02
  1120     0.1841954E-02
  1121     0.1837537E-02
  1122     0.1833130E-02
  1123     0.1828734E-02
  1124     0.1824348E-02
  1125     0.1819972E-02
  1126     0.1815606E-02
  1127     0.1811251E-02
  1128     0.1806906E-02
  1129     0.1802571E-02
  1130     0.1798247E-02
  1131     0.1793932E-02
  1132     0.1789628E-02
  1133     0.1785334E-02
  1134     0.1781049E-02
  1135     0.1776775E-02
  1136     0.1772511E-02
  1137     0.1768257E-02
  1138     0.1764013E-02
  1139     0.1759779E-02
  1140     0.1755555E-02
  1141     0.1751341E-02
  1142     0.1747137E-02
  1143     0.1742943E-02
  1144     0.1738758E-02
  1145     0.1734584E-02
  1146     0.1730419E-02
  1147     0.1726264E-02
  1148     0.1722119E-02
  1149     0.1717984E-02
  1150     0.1713858E-02
  1151     0.1709742E-02
  1152     0.1705636E-02
  1153     0.1701540E-02
  1154     0.1697453E-02
  1155     0.1693376E-02
  1156     0.1689308E-02
  1157     0.1685250E-02
  1158     0.1681202E-02
  1159     0.1677163E-02
  1160     0.1673134E-02
  1161     0.1669114E-02
  1162     0.1665103E-02
  1163     0.1661103E-02
  1164     0.1657111E-02
  1165     0.1653129E-02
  1166     0.1649157E-02
  1167     0.1645193E-02
  1168     0.1641240E-02
  1169     0.1637295E-02
  1170     0.1633360E-02
  1171     0.1629434E-02
  1172     0.1625518E-02
  1173     0.1621610E-02
  1174     0.1617712E-02
  1175     0.1613823E-02
  1176     0.1609944E-02
  1177     0.1606073E-02
  1178     0.1602212E-02
  1179     0.1598360E-02
  1180     0.1594516E-02
  1181     0.1590682E-02
  1182     0.1586858E-02
  1183     0.1583042E-02
  1184     0.1579235E-02
  1185     0.1575437E-02
  1186     0.1571648E-02
  1187     0.1567868E-02
  1188     0.1564098E-02
  1189     0.1560336E-02
  1190     0.1556583E-02
  1191     0.1552838E-02
  1192     0.1549103E-02
  1193     0.1545377E-02
  1194     0.1541659E-02
  1195     0.1537950E-02
  1196     0.1534250E-02
  1197     0.1530559E-02
  1198     0.1526877E-02
  1199     0.1523203E-02
  1200     0.1519538E-02
  1201     0.1515881E-02
  1202     0.1512234E-02
  1203     0.1508595E-02
  1204     0.1504964E-02
  1205     0.1501343E-02
  1206     0.1497730E-02
  1207     0.1494125E-02
  1208     0.1490529E-02
  1209     0.1486941E-02
  1210     0.1483363E-02
  1211     0.1479792E-02
  1212     0.1476230E-02
  1213     0.1472677E-02
  1214     0.1469131E-02
  1215     0.1465595E-02
  1216     0.1462067E-02
  1217     0.1458547E-02
  1218     0.1455035E-02
  1219     0.1451532E-02
  1220     0.1448037E-02
  1221     0.1444551E-02
  1222     0.1441072E-02
  1223     0.1437602E-02
  1224     0.1434141E-02
  1225     0.1430687E-02
  1226     0.1427242E-02
  1227     0.1423805E-02
  1228     0.1420376E-02
  1229     0.1416955E-02
  1230     0.1413543E-02
  1231     0.1410138E-02
  1232     0.1406742E-02
  1233     0.1403353E-02
  1234     0.1399973E-02
  1235     0.1396601E-02
  1236     0.1393237E-02
  1237     0.1389881E-02
  1238     0.1386533E-02
  1239     0.1383192E-02
  1240     0.1379860E-02
  1241     0.1376536E-02
  1242     0.1373219E-02
  1243     0.1369911E-02
  1244     0.1366610E-02
  1245     0.1363318E-02
  1246     0.1360033E-02
  1247     0.1356756E-02
  1248     0.1353486E-02
  1249     0.1350225E-02
  1250     0.1346971E-02
  1251     0.1343725E-02
  1252     0.1340487E-02
  1253     0.1337257E-02
  1254     0.1334034E-02
  1255     0.1330819E-02
  1256     0.1327611E-02
  1257     0.1324412E-02
  1258     0.1321220E-02
  1259     0.1318035E-02
  1260     0.1314858E-02
  1261     0.1311689E-02
  1262     0.1308527E-02
  1263     0.1305373E-02
  1264     0.1302226E-02
  1265     0.1299087E-02
  1266     0.1295955E-02
  1267     0.1292831E-02
  1268     0.1289714E-02
  1269     0.1286605E-02
  1270     0.1283503E-02
  1271     0.1280408E-02
  1272     0.1277321E-02
  1273     0.1274241E-02
  1274     0.1271169E-02
  1275     0.1268104E-02
  1276     0.1265046E-02
  1277     0.1261996E-02
  1278     0.1258953E-02
  1279     0.1255917E-02
  1280     0.1252888E-02
  1281     0.1249867E-02
  1282     0.1246853E-02
  1283     0.1243846E-02
  1284     0.1240846E-02
  1285     0.1237853E-02
  1286     0.1234868E-02
  1287     0.1231890E-02
  1288     0.1228918E-02
  1289     0.1225954E-02
  1290     0.1222997E-02
  1291     0.1220047E-02
  1292     0.1217104E-02
  1293     0.1214169E-02
  1294     0.1211240E-02
  1295     0.1208318E-02
  1296     0.1205403E-02
  1297     0.1202495E-02
  1298     0.1199594E-02
  1299     0.1196700E-02
  1300     0.1193813E-02
  1301     0.1190933E-02
  1302     0.1188060E-02
  1303     0.1185194E-02
  1304     0.1182334E-02
  1305     0.1179481E-02
  1306     0.1176636E-02
  1307     0.1173797E-02
  1308     0.1170964E-02
  1309     0.1168139E-02
  1310     0.1165320E-02
  1311     0.1162508E-02
  1312     0.1159703E-02
  1313     0.1156905E-02
  1314     0.1154113E-02
  1315     0.1151328E-02
  1316     0.1148549E-02
  1317     0.1145778E-02
  1318     0.1143012E-02
  1319     0.1140254E-02
  1320     0.1137502E-02
  1321     0.1134757E-02
  1322     0.1132018E-02
  1323     0.1129286E-02
  1324     0.1126560E-02
  1325     0.1123841E-02
  1326     0.1121128E-02
  1327     0.1118422E-02
  1328     0.1115723E-02
  1329     0.1113030E-02
  1330     0.1110343E-02
  1331     0.1107663E-02
  1332     0.1104989E-02
  1333     0.1102322E-02
  1334     0.1099662E-02
  1335     0.1097008E-02
  1336     0.1094360E-02
  1337     0.1091719E-02
  1338     0.1089084E-02
  1339     0.1086456E-02
  1340     0.1083834E-02
  1341     0.1081218E-02
  1342     0.1078608E-02
  1343     0.1076005E-02
  1344     0.1073408E-02
  1345     0.1070817E-02
  1346     0.1068232E-02
  1347     0.1065654E-02
  1348     0.1063081E-02
  1349     0.1060515E-02
  1350     0.1057955E-02
  1351     0.1055401E-02
  1352     0.1052854E-02
  1353     0.1050312E-02
  1354     0.1047776E-02
  1355     0.1045247E-02
  1356     0.1042724E-02
  1357     0.1040206E-02
  1358     0.1037695E-02
  1359     0.1035190E-02
  1360     0.1032690E-02
  1361     0.1030197E-02
  1362     0.1027710E-02
  1363     0.1025229E-02
  1364     0.1022753E-02
  1365     0.1020284E-02
  1366     0.1017820E-02
  1367     0.1015363E-02
  1368     0.1012911E-02
  1369     0.1010465E-02
  1370     0.1008025E-02
  1371     0.1005591E-02
  1372     0.1003163E-02
  1373     0.1000741E-02
  1374     0.9983243E-03
  1375     0.9959135E-03
  1376     0.9935085E-03
  1377     0.9911093E-03
  1378     0.9887158E-03
  1379     0.9863281E-03
  1380     0.9839462E-03
  1381     0.9815699E-03
  1382     0.9791994E-03
  1383     0.9768346E-03
  1384     0.9744754E-03
  1385     0.9721219E-03
  1386     0.9697740E-03
  1387     0.9674318E-03
  1388     0.9650953E-03
  1389     0.9627643E-03
  1390     0.9604389E-03
  1391     0.9581191E-03
  1392     0.9558049E-03
  1393     0.9534963E-03
  1394     0.9511932E-03
  1395     0.9488956E-03
  1396     0.9466036E-03
  1397     0.9443170E-03
  1398     0.9420360E-03
  1399     0.9397604E-03
  1400     0.9374903E-03
  1401     0.9352257E-03
  1402     0.9329665E-03
  1403     0.9307127E-03
  1404     0.9284644E-03
  1405     0.9262215E-03
  1406     0.9239839E-03
  1407     0.9217517E-03
  1408     0.9195249E-03
  1409     0.9173035E-03
  1410     0.9150874E-03
  1411     0.9128766E-03
  1412     0.9106711E-03
  1413     0.9084710E-03
  1414     0.9062761E-03
  1415     0.9040865E-03
  1416     0.9019022E-03
  1417     0.8997231E-03
  1418     0.8975492E-03
  1419     0.8953806E-03
  1420     0.8932172E-03
  1421     0.8910591E-03
  1422     0.8889061E-03
  1423     0.8867582E-03
  1424     0.8846156E-03
  1425     0.8824781E-03
  1426     0.8803457E-03
  1427     0.8782185E-03
  1428     0.8760964E-03
  1429     0.8739794E-03
  1430     0.8718675E-03
  1431     0.8697607E-03
  1432     0.8676589E-03
  1433     0.8655622E-03
  1434     0.8634705E-03
  1435     0.8613839E-03
  1436     0.8593023E-03
  1437     0.8572257E-03
  1438     0.8551541E-03
  1439     0.8530875E-03
  1440     0.8510259E-03
  1441     0.8489692E-03
  1442     0.8469175E-03
  1443     0.8448707E-03
  1444     0.8428288E-03
  1445     0.8407919E-03
  1446     0.8387599E-03
  1447     0.8367327E-03
  1448     0.8347104E-03
  1449     0.8326930E-03
  1450     0.8306805E-03
  1451     0.8286728E-03
  1452     0.8266699E-03
  1453     0.8246719E-03
  1454     0.8226787E-03
  1455     0.8206902E-03
  1456     0.8187066E-03
  1457     0.8167277E-03
  1458     0.8147536E-03
  1459     0.8127843E-03
  1460     0.8108197E-03
  1461     0.8088598E-03
  1462     0.8069046E-03
  1463     0.8049542E-03
  1464     0.8030084E-03
  1465     0.8010674E-03
  1466     0.7991310E-03
  1467     0.7971993E-03
  1468     0.7952722E-03
  1469     0.7933498E-03
  1470     0.7914320E-03
  1471     0.7895188E-03
  1472     0.7876102E-03
  1473     0.7857063E-03
  1474     0.7838069E-03
  1475     0.7819121E-03
  1476     0.7800218E-03
  1477     0.7781361E-03
  1478     0.7762550E-03
  1479     0.7743784E-03
  1480     0.7725063E-03
  1481     0.7706387E-03
  1482     0.7687756E-03
  1483     0.7669170E-03
  1484     0.7650629E-03
  1485     0.7632133E-03
  1486     0.7613681E-03
  1487     0.7595274E-03
  1488     0.7576910E-03
  1489     0.7558592E-03
  1490     0.7540317E-03
  1491     0.7522086E-03
  1492     0.7503900E-03
  1493     0.7485757E-03
  1494     0.7467658E-03
  1495     0.7449602E-03
  1496     0.7431591E-03
  1497     0.7413622E-03
  1498     0.7395697E-03
  1499     0.7377815E-03
  1500     0.7359976E-03
  1501     0.7342180E-03
  1502     0.7324427E-03
  1503     0.7306717E-03
  1504     0.7289049E-03
  1505     0.7271425E-03
  1506     0.7253842E-03
  1507     0.7236302E-03
  1508     0.7218804E-03
  1509     0.7201349E-03
  1510     0.7183936E-03
  1511     0.7166564E-03
  1512     0.7149235E-03
  1513     0.7131947E-03
  1514     0.7114701E-03
  1515     0.7097496E-03
  1516     0.7080333E-03
  1517     0.7063212E-03
  1518     0.7046131E-03
  1519     0.7029092E-03
  1520     0.7012094E-03
  1521     0.6995137E-03
  1522     0.6978221E-03
  1523     0.6961346E-03
  1524     0.6944511E-03
  1525     0.6927717E-03
  1526     0.6910963E-03
  1527     0.6894250E-03
  1528     0.6877577E-03
  1529     0.6860945E-03
  1530     0.6844352E-03
  1531     0.6827800E-03
  1532     0.6811287E-03
  1533     0.6794815E-03
  1534     0.6778382E-03
  1535     0.6761989E-03
  1536     0.6745635E-03
  1537     0.6729321E-03
  1538     0.6713046E-03
  1539     0.6696810E-03
  1540     0.6680613E-03
  1541     0.6664456E-03
  1542     0.6648338E-03
  1543     0.6632258E-03
  1544     0.6616217E-03
  1545     0.6600215E-03
  1546     0.6584252E-03
  1547     0.6568327E-03
  1548     0.6552441E-03
  1549     0.6536592E-03
  1550     0.6520782E-03
  1551     0.6505011E-03
  1552     0.6489277E-03
  1553     0.6473581E-03
  1554     0.6457924E-03
  1555     0.6442303E-03
  1556     0.6426721E-03
  1557     0.6411176E-03
  1558     0.6395669E-03
  1559     0.6380199E-03
  1560     0.6364767E-03
  1561     0.6349372E-03
  1562     0.6334014E-03
  1563     0.6318693E-03
  1564     0.6303409E-03
  1565     0.6288161E-03
  1566     0.6272951E-03
  1567     0.6257778E-03
  1568     0.6242641E-03
  1569     0.6227540E-03
  1570     0.6212476E-03
  1571     0.6197449E-03
  1572     0.6182457E-03
  1573     0.6167502E-03
  1574     0.6152583E-03
  1575     0.6137700E-03
  1576     0.6122853E-03
  1577     0.6108042E-03
  1578     0.6093266E-03
  1579     0.6078526E-03
  1580     0.6063822E-03
  1581     0.6049153E-03
  1582     0.6034520E-03
  1583     0.6019922E-03
  1584     0.6005359E-03
  1585     0.5990832E-03
  1586     0.5976339E-03
  1587     0.5961882E-03
  1588     0.5947459E-03
  1589     0.5933071E-03
  1590     0.5918718E-03
  1591     0.5904400E-03
  1592     0.5890116E-03
  1593     0.5875867E-03
  1594     0.5861652E-03
  1595     0.5847471E-03
  1596     0.5833325E-03
  1597     0.5819213E-03
  1598     0.5805135E-03
  1599     0.5791091E-03
  1600     0.5777080E-03
  1601     0.5763104E-03
  1602     0.5749162E-03
  1603     0.5735253E-03
  1604     0.5721377E-03
  1605     0.5707536E-03
  1606     0.5693727E-03
  1607     0.5679952E-03
  1608     0.5666210E-03
  1609     0.5652502E-03
  1610     0.5638826E-03
  1611     0.5625184E-03
  1612     0.5611574E-03
  1613     0.5597998E-03
  1614     0.5584454E-03
  1615     0.5570943E-03
  1616     0.5557464E-03
  1617     0.5544019E-03
  1618     0.5530605E-03
  1619     0.5517224E-03
  1620     0.5503875E-03
  1621     0.5490559E-03
  1622     0.5477275E-03
  1623     0.5464023E-03
  1624     0.5450802E-03
  1625     0.5437614E-03
  1626     0.5424458E-03
  1627     0.5411333E-03
  1628     0.5398240E-03
  1629     0.5385179E-03
  1630     0.5372149E-03
  1631     0.5359151E-03
  1632     0.5346184E-03
  1633     0.5333249E-03
  1634     0.5320345E-03
  1635     0.5307472E-03
  1636     0.5294630E-03
  1637     0.5281819E-03
  1638     0.5269039E-03
  1639     0.5256290E-03
  1640     0.5243571E-03
  1641     0.5230884E-03
  1642     0.5218227E-03
  1643     0.5205601E-03
  1644     0.5193005E-03
  1645     0.5180439E-03
  1646     0.5167904E-03
  1647     0.5155400E-03
  1648     0.5142925E-03
  1649     0.5130481E-03
  1650     0.5118066E-03
  1651     0.5105682E-03
  1652     0.5093328E-03
  1653     0.5081003E-03
  1654     0.5068709E-03
  1655     0.5056444E-03
  1656     0.5044208E-03
  1657     0.5032002E-03
  1658     0.5019826E-03
  1659     0.5007679E-03
  1660     0.4995562E-03
  1661     0.4983473E-03
  1662     0.4971414E-03
  1663     0.4959385E-03
  1664     0.4947384E-03
  1665     0.4935412E-03
  1666     0.4923469E-03
  1667     0.4911555E-03
  1668     0.4899670E-03
  1669     0.4887813E-03
  1670     0.4875986E-03
  1671     0.4864186E-03
  1672     0.4852416E-03
  1673     0.4840673E-03
  1674     0.4828959E-03
  1675     0.4817274E-03
  1676     0.4805616E-03
  1677     0.4793987E-03
  1678     0.4782386E-03
  1679     0.4770813E-03
  1680     0.4759268E-03
  1681     0.4747751E-03
  1682     0.4736262E-03
  1683     0.4724800E-03
  1684     0.4713366E-03
  1685     0.4701960E-03
  1686     0.4690582E-03
  1687     0.4679231E-03
  1688     0.4667907E-03
  1689     0.4656611E-03
  1690     0.4645342E-03
  1691     0.4634100E-03
  1692     0.4622885E-03
  1693     0.4611698E-03
  1694     0.4600538E-03
  1695     0.4589404E-03
  1696     0.4578298E-03
  1697     0.4567218E-03
  1698     0.4556165E-03
  1699     0.4545139E-03
  1700     0.4534139E-03
  1701     0.4523167E-03
  1702     0.4512220E-03
  1703     0.4501300E-03
  1704     0.4490407E-03
  1705     0.4479540E-03
  1706     0.4468699E-03
  1707     0.4457884E-03
  1708     0.4447095E-03
  1709     0.4436333E-03
  1710     0.4425597E-03
  1711     0.4414886E-03
  1712     0.4404202E-03
  1713     0.4393543E-03
  1714     0.4382910E-03
  1715     0.4372303E-03
  1716     0.4361721E-03
  1717     0.4351165E-03
  1718     0.4340634E-03
  1719     0.4330129E-03
  1720     0.4319650E-03
  1721     0.4309195E-03
  1722     0.4298766E-03
  1723     0.4288363E-03
  1724     0.4277984E-03
  1725     0.4267630E-03
  1726     0.4257302E-03
  1727     0.4246998E-03
  1728     0.4236720E-03
  1729     0.4226466E-03
  1730     0.4216237E-03
  1731     0.4206033E-03
  1732     0.4195853E-03
  1733     0.4185698E-03
  1734     0.4175568E-03
  1735     0.4165462E-03
  1736     0.4155380E-03
  1737     0.4145323E-03
  1738     0.4135290E-03
  1739     0.4125282E-03
  1740     0.4115298E-03
  1741     0.4105338E-03
  1742     0.4095401E-03
  1743     0.4085489E-03
  1744     0.4075601E-03
  1745     0.4065737E-03
  1746     0.4055897E-03
  1747     0.4046080E-03
  1748     0.4036288E-03
  1749     0.4026519E-03
  1750     0.4016773E-03
  1751     0.4007051E-03
  1752     0.3997353E-03
  1753     0.3987678E-03
  1754     0.3978026E-03
  1755     0.3968398E-03
  1756     0.3958793E-03
  1757     0.3949212E-03
  1758     0.3939653E-03
  1759     0.3930118E-03
  1760     0.3920605E-03
  1761     0.3911116E-03
  1762     0.3901650E-03
  1763     0.3892206E-03
  1764     0.3882786E-03
  1765     0.3873388E-03
  1766     0.3864013E-03
  1767     0.3854660E-03
  1768     0.3845331E-03
  1769     0.3836023E-03
  1770     0.3826739E-03
  1771     0.3817476E-03
  1772     0.3808236E-03
  1773     0.3799019E-03
  1774     0.3789824E-03
  1775     0.3780651E-03
  1776     0.3771500E-03
  1777     0.3762371E-03
  1778     0.3753265E-03
  1779     0.3744180E-03
  1780     0.3735118E-03
  1781     0.3726077E-03
  1782     0.3717058E-03
  1783     0.3708061E-03
  1784     0.3699086E-03
  1785     0.3690132E-03
  1786     0.3681201E-03
  1787     0.3672290E-03
  1788     0.3663402E-03
  1789     0.3654535E-03
  1790     0.3645689E-03
  1791     0.3636864E-03
  1792     0.3628061E-03
  1793     0.3619280E-03
  1794     0.3610519E-03
  1795     0.3601780E-03
  1796     0.3593062E-03
  1797     0.3584365E-03
  1798     0.3575689E-03
  1799     0.3567034E-03
  1800     0.3558400E-03
  1801     0.3549787E-03
  1802     0.3541194E-03
  1803     0.3532623E-03
  1804     0.3524072E-03
  1805     0.3515542E-03
  1806     0.3507032E-03
  1807     0.3498543E-03
  1808     0.3490075E-03
  1809     0.3481627E-03
  1810     0.3473200E-03
  1811     0.3464793E-03
  1812     0.3456406E-03
  1813     0.3448039E-03
  1814     0.3439693E-03
  1815     0.3431367E-03
  1816     0.3423061E-03
  1817     0.3414776E-03
  1818     0.3406510E-03
  1819     0.3398264E-03
  1820     0.3390038E-03
  1821     0.3381833E-03
  1822     0.3373647E-03
  1823     0.3365480E-03
  1824     0.3357334E-03
  1825     0.3349207E-03
  1826     0.3341100E-03
  1827     0.3333013E-03
  1828     0.3324945E-03
  1829     0.3316896E-03
  1830     0.3308867E-03
  1831     0.3300858E-03
  1832     0.3292868E-03
  1833     0.3284897E-03
  1834     0.3276945E-03
  1835     0.3269013E-03
  1836     0.3261100E-03
  1837     0.3253206E-03
  1838     0.3245331E-03
  1839     0.3237476E-03
  1840     0.3229639E-03
  1841     0.3221821E-03
  1842     0.3214022E-03
  1843     0.3206242E-03
  1844     0.3198481E-03
  1845     0.3190739E-03
  1846     0.3183015E-03
  1847     0.3175310E-03
  1848     0.3167623E-03
  1849     0.3159956E-03
  1850     0.3152307E-03
  1851     0.3144676E-03
  1852     0.3137064E-03
  1853     0.3129470E-03
  1854     0.3121894E-03
  1855     0.3114337E-03
  1856     0.3106798E-03
  1857     0.3099278E-03
  1858     0.3091775E-03
  1859     0.3084291E-03
  1860     0.3076825E-03
  1861     0.3069377E-03
  1862     0.3061947E-03
  1863     0.3054535E-03
  1864     0.3047141E-03
  1865     0.3039765E-03
  1866     0.3032406E-03
  1867     0.3025066E-03
  1868     0.3017743E-03
  1869     0.3010438E-03
  1870     0.3003150E-03
  1871     0.2995881E-03
  1872     0.2988628E-03
  1873     0.2981394E-03
  1874     0.2974177E-03
  1875     0.2966977E-03
  1876     0.2959795E-03
  1877     0.2952630E-03
  1878     0.2945482E-03
  1879     0.2938352E-03
  1880     0.2931239E-03
  1881     0.2924143E-03
  1882     0.2917065E-03
  1883     0.2910003E-03
  1884     0.2902959E-03
  1885     0.2895931E-03
  1886     0.2888921E-03
  1887     0.2881928E-03
  1888     0.2874951E-03
  1889     0.2867992E-03
  1890     0.2861049E-03
  1891     0.2854123E-03
  1892     0.2847214E-03
  1893     0.2840322E-03
  1894     0.2833446E-03
  1895     0.2826587E-03
  1896     0.2819744E-03
  1897     0.2812918E-03
  1898     0.2806109E-03
  1899     0.2799316E-03
  1900     0.2792539E-03
  1901     0.2785779E-03
  1902     0.2779035E-03
  1903     0.2772308E-03
  1904     0.2765597E-03
  1905     0.2758902E-03
  1906     0.2752223E-03
  1907     0.2745561E-03
  1908     0.2738914E-03
  1909     0.2732284E-03
  1910     0.2725669E-03
  1911     0.2719071E-03
  1912     0.2712489E-03
  1913     0.2705922E-03
  1914     0.2699372E-03
  1915     0.2692837E-03
  1916     0.2686318E-03
  1917     0.2679815E-03
  1918     0.2673328E-03
  1919     0.2666856E-03
  1920     0.2660400E-03
  1921     0.2653960E-03
  1922     0.2647535E-03
  1923     0.2641126E-03
  1924     0.2634732E-03
  1925     0.2628354E-03
  1926     0.2621991E-03
  1927     0.2615644E-03
  1928     0.2609312E-03
  1929     0.2602995E-03
  1930     0.2596694E-03
  1931     0.2590408E-03
  1932     0.2584137E-03
  1933     0.2577881E-03
  1934     0.2571640E-03
  1935     0.2565415E-03
  1936     0.2559204E-03
  1937     0.2553009E-03
  1938     0.2546828E-03
  1939     0.2540663E-03
  1940     0.2534512E-03
  1941     0.2528377E-03
  1942     0.2522256E-03
  1943     0.2516150E-03
  1944     0.2510058E-03
  1945     0.2503982E-03
  1946     0.2497920E-03
  1947     0.2491873E-03
  1948     0.2485841E-03
  1949     0.2479823E-03
  1950     0.2473819E-03
  1951     0.2467831E-03
  1952     0.2461856E-03
  1953     0.2455896E-03
  1954     0.2449951E-03
  1955     0.2444020E-03
  1956     0.2438103E-03
  1957     0.2432201E-03
  1958     0.2426313E-03
  1959     0.2420439E-03
  1960     0.2414580E-03
  1961     0.2408734E-03
  1962     0.2402903E-03
  1963     0.2397086E-03
  1964     0.2391283E-03
  1965     0.2385494E-03
  1966     0.2379719E-03
  1967     0.2373958E-03
  1968     0.2368211E-03
  1969     0.2362477E-03
  1970     0.2356758E-03
  1971     0.2351053E-03
  1972     0.2345361E-03
  1973     0.2339683E-03
  1974     0.2334019E-03
  1975     0.2328369E-03
  1976     0.2322732E-03
  1977     0.2317109E-03
  1978     0.2311499E-03
  1979     0.2305903E-03
  1980     0.2300321E-03
  1981     0.2294752E-03
  1982     0.2289197E-03
  1983     0.2283655E-03
  1984     0.2278126E-03
  1985     0.2272611E-03
  1986     0.2267109E-03
  1987     0.2261621E-03
  1988     0.2256146E-03
  1989     0.2250684E-03
  1990     0.2245235E-03
  1991     0.2239799E-03
  1992     0.2234377E-03
  1993     0.2228968E-03
  1994     0.2223572E-03
  1995     0.2218189E-03
  1996     0.2212818E-03
  1997     0.2207461E-03
  1998     0.2202117E-03
  1999     0.2196786E-03
  2000     0.2191468E-03
  2001     0.2186162E-03
  2002     0.2180870E-03
  2003     0.2175590E-03
  2004     0.2170323E-03
  2005     0.2165069E-03
  2006     0.2159828E-03
  2007     0.2154599E-03
  2008     0.2149383E-03
  2009     0.2144179E-03
  2010     0.2138988E-03
  2011     0.2133810E-03
  2012     0.2128644E-03
  2013     0.2123491E-03
  2014     0.2118350E-03
  2015     0.2113221E-03
  2016     0.2108105E-03
  2017     0.2103002E-03
  2018     0.2097911E-03
  2019     0.2092832E-03
  2020     0.2087765E-03
  2021     0.2082711E-03
  2022     0.2077668E-03
  2023     0.2072639E-03
  2024     0.2067621E-03
  2025     0.2062615E-03
  2026     0.2057622E-03
  2027     0.2052640E-03
  2028     0.2047671E-03
  2029     0.2042714E-03
  2030     0.2037768E-03
  2031     0.2032835E-03
  2032     0.2027913E-03
  2033     0.2023004E-03
  2034     0.2018106E-03
  2035     0.2013221E-03
  2036     0.2008347E-03
  2037     0.2003485E-03
  2038     0.1998634E-03
  2039     0.1993796E-03
  2040     0.1988969E-03
  2041     0.1984153E-03
  2042     0.1979350E-03
  2043     0.1974558E-03
  2044     0.1969778E-03
  2045     0.1965009E-03
  2046     0.1960252E-03
  2047     0.1955506E-03
  2048     0.1950772E-03
  2049     0.1946049E-03
  2050     0.1941337E-03
  2051     0.1936638E-03
  2052     0.1931949E-03
  2053     0.1927272E-03
  2054     0.1922606E-03
  2055     0.1917951E-03
  2056     0.1913308E-03
  2057     0.1908676E-03
  2058     0.1904055E-03
  2059     0.1899445E-03
  2060     0.1894847E-03
  2061     0.1890259E-03
  2062     0.1885683E-03
  2063     0.1881118E-03
  2064     0.1876564E-03
  2065     0.1872021E-03
  2066     0.1867489E-03
  2067     0.1862967E-03
  2068     0.1858457E-03
  2069     0.1853958E-03
  2070     0.1849469E-03
  2071     0.1844992E-03
  2072     0.1840525E-03
  2073     0.1836069E-03
  2074     0.1831624E-03
  2075     0.1827190E-03
  2076     0.1822766E-03
  2077     0.1818353E-03
  2078     0.1813951E-03
  2079     0.1809560E-03
  2080     0.1805179E-03
  2081     0.1800808E-03
  2082     0.1796449E-03
  2083     0.1792099E-03
  2084     0.1787761E-03
  2085     0.1783432E-03
  2086     0.1779115E-03
  2087     0.1774808E-03
  2088     0.1770511E-03
  2089     0.1766224E-03
  2090     0.1761948E-03
  2091     0.1757683E-03
  2092     0.1753427E-03
  2093     0.1749182E-03
  2094     0.1744947E-03
  2095     0.1740723E-03
  2096     0.1736509E-03
  2097     0.1732304E-03
  2098     0.1728111E-03
  2099     0.1723927E-03
  2100     0.1719753E-03
  2101     0.1715590E-03
  2102     0.1711436E-03
  2103     0.1707293E-03
  2104     0.1703159E-03
  2105     0.1699036E-03
  2106     0.1694923E-03
  2107     0.1690819E-03
  2108     0.1686726E-03
  2109     0.1682642E-03
  2110     0.1678568E-03
  2111     0.1674505E-03
  2112     0.1670451E-03
  2113     0.1666406E-03
  2114     0.1662372E-03
  2115     0.1658347E-03
  2116     0.1654332E-03
  2117     0.1650327E-03
  2118     0.1646332E-03
  2119     0.1642346E-03
  2120     0.1638370E-03
  2121     0.1634403E-03
  2122     0.1630446E-03
  2123     0.1626499E-03
  2124     0.1622561E-03
  2125     0.1618633E-03
  2126     0.1614714E-03
  2127     0.1610805E-03
  2128     0.1606905E-03
  2129     0.1603015E-03
  2130     0.1599134E-03
  2131     0.1595262E-03
  2132     0.1591400E-03
  2133     0.1587547E-03
  2134     0.1583704E-03
  2135     0.1579870E-03
  2136     0.1576045E-03
  2137     0.1572229E-03
  2138     0.1568423E-03
  2139     0.1564626E-03
  2140     0.1560838E-03
  2141     0.1557059E-03
  2142     0.1553289E-03
  2143     0.1549529E-03
  2144     0.1545777E-03
  2145     0.1542035E-03
  2146     0.1538301E-03
  2147     0.1534577E-03
  2148     0.1530862E-03
  2149     0.1527156E-03
  2150     0.1523458E-03
  2151     0.1519770E-03
  2152     0.1516091E-03
  2153     0.1512420E-03
  2154     0.1508758E-03
  2155     0.1505106E-03
  2156     0.1501462E-03
  2157     0.1497827E-03
  2158     0.1494200E-03
  2159     0.1490583E-03
  2160     0.1486974E-03
  2161     0.1483374E-03
  2162     0.1479783E-03
  2163     0.1476200E-03
  2164     0.1472626E-03
  2165     0.1469061E-03
  2166     0.1465504E-03
  2167     0.1461956E-03
  2168     0.1458417E-03
  2169     0.1454886E-03
  2170     0.1451364E-03
  2171     0.1447850E-03
  2172     0.1444344E-03
  2173     0.1440848E-03
  2174     0.1437359E-03
  2175     0.1433879E-03
  2176     0.1430408E-03
  2177     0.1426945E-03
  2178     0.1423490E-03
  2179     0.1420044E-03
  2180     0.1416606E-03
  2181     0.1413176E-03
  2182     0.1409755E-03
  2183     0.1406342E-03
  2184     0.1402937E-03
  2185     0.1399540E-03
  2186     0.1396152E-03
  2187     0.1392772E-03
  2188     0.1389400E-03
  2189     0.1386036E-03
  2190     0.1382680E-03
  2191     0.1379333E-03
  2192     0.1375993E-03
  2193     0.1372662E-03
  2194     0.1369339E-03
  2195     0.1366024E-03
  2196     0.1362716E-03
  2197     0.1359417E-03
  2198     0.1356126E-03
  2199     0.1352843E-03
  2200     0.1349567E-03
  2201     0.1346300E-03
  2202     0.1343041E-03
  2203     0.1339789E-03
  2204     0.1336545E-03
  2205     0.1333309E-03
  2206     0.1330081E-03
  2207     0.1326861E-03
  2208     0.1323649E-03
  2209     0.1320444E-03
  2210     0.1317247E-03
  2211     0.1314058E-03
  2212     0.1310877E-03
  2213     0.1307703E-03
  2214     0.1304537E-03
  2215     0.1301379E-03
  2216     0.1298228E-03
  2217     0.1295085E-03
  2218     0.1291950E-03
  2219     0.1288822E-03
  2220     0.1285701E-03
  2221     0.1282589E-03
  2222     0.1279483E-03
  2223     0.1276386E-03
  2224     0.1273295E-03
  2225     0.1270213E-03
  2226     0.1267138E-03
  2227     0.1264070E-03
  2228     0.1261009E-03
  2229     0.1257956E-03
  2230     0.1254911E-03
  2231     0.1251873E-03
  2232     0.1248842E-03
  2233     0.1245818E-03
  2234     0.1242802E-03
  2235     0.1239793E-03
  2236     0.1236791E-03
  2237     0.1233797E-03
  2238     0.1230810E-03
  2239     0.1227830E-03
  2240     0.1224858E-03
  2241     0.1221892E-03
  2242     0.1218934E-03
  2243     0.1215983E-03
  2244     0.1213039E-03
  2245     0.1210102E-03
  2246     0.1207172E-03
  2247     0.1204250E-03
  2248     0.1201334E-03
  2249     0.1198425E-03
  2250     0.1195524E-03
  2251     0.1192630E-03
  2252     0.1189742E-03
  2253     0.1186862E-03
  2254     0.1183988E-03
  2255     0.1181122E-03
  2256     0.1178262E-03
  2257     0.1175410E-03
  2258     0.1172564E-03
  2259     0.1169725E-03
  2260     0.1166893E-03
  2261     0.1164068E-03
  2262     0.1161250E-03
  2263     0.1158438E-03
  2264     0.1155633E-03
  2265     0.1152836E-03
  2266     0.1150045E-03
  2267     0.1147260E-03
  2268     0.1144483E-03
  2269     0.1141712E-03
  2270     0.1138948E-03
  2271     0.1136190E-03
  2272     0.1133439E-03
  2273     0.1130695E-03
  2274     0.1127958E-03
  2275     0.1125227E-03
  2276     0.1122503E-03
  2277     0.1119785E-03
  2278     0.1117074E-03
  2279     0.1114369E-03
  2280     0.1111671E-03
  2281     0.1108980E-03
  2282     0.1106295E-03
  2283     0.1103617E-03
  2284     0.1100945E-03
  2285     0.1098279E-03
  2286     0.1095620E-03
  2287     0.1092968E-03
  2288     0.1090322E-03
  2289     0.1087682E-03
  2290     0.1085048E-03
  2291     0.1082421E-03
  2292     0.1079801E-03
  2293     0.1077187E-03
  2294     0.1074579E-03
  2295     0.1071977E-03
  2296     0.1069382E-03
  2297     0.1066793E-03
  2298     0.1064210E-03
  2299     0.1061633E-03
  2300     0.1059063E-03
  2301     0.1056499E-03
  2302     0.1053941E-03
  2303     0.1051389E-03
  2304     0.1048844E-03
  2305     0.1046305E-03
  2306     0.1043772E-03
  2307     0.1041244E-03
  2308     0.1038724E-03
  2309     0.1036209E-03
  2310     0.1033700E-03
  2311     0.1031197E-03
  2312     0.1028701E-03
  2313     0.1026210E-03
  2314     0.1023726E-03
  2315     0.1021247E-03
  2316     0.1018775E-03
  2317     0.1016308E-03
  2318     0.1013848E-03
  2319     0.1011393E-03
  2320     0.1008944E-03
  2321     0.1006502E-03
  2322     0.1004065E-03
  2323     0.1001634E-03
  2324     0.9992088E-04
  2325     0.9967897E-04
  2326     0.9943764E-04
  2327     0.9919689E-04
  2328     0.9895673E-04
  2329     0.9871715E-04
  2330     0.9847815E-04
  2331     0.9823973E-04
  2332     0.9800188E-04
  2333     0.9776461E-04
  2334     0.9752792E-04
  2335     0.9729180E-04
  2336     0.9705624E-04
  2337     0.9682126E-04
  2338     0.9658685E-04
  2339     0.9635301E-04
  2340     0.9611973E-04
  2341     0.9588702E-04
  2342     0.9565487E-04
  2343     0.9542328E-04
  2344     0.9519226E-04
  2345     0.9496179E-04
  2346     0.9473188E-04
  2347     0.9450253E-04
  2348     0.9427373E-04
  2349     0.9404549E-04
  2350     0.9381780E-04
  2351     0.9359066E-04
  2352     0.9336407E-04
  2353     0.9313803E-04
  2354     0.9291253E-04
  2355     0.9268758E-04
  2356     0.9246318E-04
  2357     0.9223932E-04
  2358     0.9201600E-04
  2359     0.9179323E-04
  2360     0.9157099E-04
  2361     0.9134929E-04
  2362     0.9112813E-04
  2363     0.9090750E-04
  2364     0.9068740E-04
  2365     0.9046784E-04
  2366     0.9024881E-04
  2367     0.9003032E-04
  2368     0.8981235E-04
  2369     0.8959490E-04
  2370     0.8937799E-04
  2371     0.8916160E-04
  2372     0.8894573E-04
  2373     0.8873039E-04
  2374     0.8851556E-04
  2375     0.8830126E-04
  2376     0.8808748E-04
  2377     0.8787421E-04
  2378     0.8766146E-04
  2379     0.8744923E-04
  2380     0.8723751E-04
  2381     0.8702630E-04
  2382     0.8681560E-04
  2383     0.8660541E-04
  2384     0.8639574E-04
  2385     0.8618657E-04
  2386     0.8597790E-04
  2387     0.8576974E-04
  2388     0.8556209E-04
  2389     0.8535494E-04
  2390     0.8514829E-04
  2391     0.8494214E-04
  2392     0.8473648E-04
  2393     0.8453133E-04
  2394     0.8432667E-04
  2395     0.8412251E-04
  2396     0.8391885E-04
  2397     0.8371567E-04
  2398     0.8351299E-04
  2399     0.8331080E-04
  2400     0.8310910E-04
  2401     0.8290789E-04
  2402     0.8270716E-04
  2403     0.8250692E-04
  2404     0.8230716E-04
  2405     0.8210789E-04
  2406     0.8190910E-04
  2407     0.8171080E-04
  2408     0.8151297E-04
  2409     0.8131562E-04
  2410     0.8111875E-04
  2411     0.8092235E-04
  2412     0.8072643E-04
  2413     0.8053099E-04
  2414     0.8033602E-04
  2415     0.8014152E-04
  2416     0.7994749E-04
  2417     0.7975393E-04
  2418     0.7956084E-04
  2419     0.7936822E-04
  2420     0.7917606E-04
  2421     0.7898437E-04
  2422     0.7879315E-04
  2423     0.7860238E-04
  2424     0.7841208E-04
  2425     0.7822224E-04
  2426     0.7803286E-04
  2427     0.7784393E-04
  2428     0.7765547E-04
  2429     0.7746746E-04
  2430     0.7727990E-04
  2431     0.7709280E-04
  2432     0.7690616E-04
  2433     0.7671996E-04
  2434     0.7653422E-04
  2435     0.7634892E-04
  2436     0.7616407E-04
  2437     0.7597968E-04
  2438     0.7579572E-04
  2439     0.7561222E-04
  2440     0.7542915E-04
  2441     0.7524653E-04
  2442     0.7506436E-04
  2443     0.7488262E-04
  2444     0.7470132E-04
  2445     0.7452047E-04
  2446     0.7434005E-04
  2447     0.7416006E-04
  2448     0.7398052E-04
  2449     0.7380141E-04
  2450     0.7362273E-04
  2451     0.7344448E-04
  2452     0.7326667E-04
  2453     0.7308928E-04
  2454     0.7291233E-04
  2455     0.7273580E-04
  2456     0.7255970E-04
  2457     0.7238403E-04
  2458     0.7220878E-04
  2459     0.7203396E-04
  2460     0.7185956E-04
  2461     0.7168558E-04
  2462     0.7151203E-04
  2463     0.7133889E-04
  2464     0.7116618E-04
  2465     0.7099388E-04
  2466     0.7082200E-04
  2467     0.7065053E-04
  2468     0.7047948E-04
  2469     0.7030884E-04
  2470     0.7013862E-04
  2471     0.6996881E-04
  2472     0.6979941E-04
  2473     0.6963042E-04
  2474     0.6946184E-04
  2475     0.6929367E-04
  2476     0.6912590E-04
  2477     0.6895855E-04
  2478     0.6879159E-04
  2479     0.6862504E-04
  2480     0.6845890E-04
  2481     0.6829315E-04
  2482     0.6812781E-04
  2483     0.6796287E-04
  2484     0.6779832E-04
  2485     0.6763418E-04
  2486     0.6747043E-04
  2487     0.6730708E-04
  2488     0.6714413E-04
  2489     0.6698157E-04
  2490     0.6681940E-04
  2491     0.6665762E-04
  2492     0.6649624E-04
  2493     0.6633525E-04
  2494     0.6617465E-04
  2495     0.6601443E-04
  2496     0.6585461E-04
  2497     0.6569517E-04
  2498     0.6553612E-04
  2499     0.6537745E-04
  2500     0.6521916E-04
  2501     0.6506126E-04
  2502     0.6490375E-04
  2503     0.6474661E-04
  2504     0.6458985E-04
  2505     0.6443348E-04
  2506     0.6427748E-04
  2507     0.6412186E-04
  2508     0.6396662E-04
  2509     0.6381175E-04
  2510     0.6365725E-04
  2511     0.6350314E-04
  2512     0.6334939E-04
  2513     0.6319602E-04
  2514     0.6304301E-04
  2515     0.6289038E-04
  2516     0.6273812E-04
  2517     0.6258623E-04
  2518     0.6243470E-04
  2519     0.6228354E-04
  2520     0.6213275E-04
  2521     0.6198232E-04
  2522     0.6183226E-04
  2523     0.6168256E-04
  2524     0.6153322E-04
  2525     0.6138424E-04
  2526     0.6123563E-04
  2527     0.6108737E-04
  2528     0.6093948E-04
  2529     0.6079194E-04
  2530     0.6064476E-04
  2531     0.6049793E-04
  2532     0.6035146E-04
  2533     0.6020535E-04
  2534     0.6005958E-04
  2535     0.5991418E-04
  2536     0.5976912E-04
  2537     0.5962441E-04
  2538     0.5948006E-04
  2539     0.5933605E-04
  2540     0.5919240E-04
  2541     0.5904909E-04
  2542     0.5890613E-04
  2543     0.5876351E-04
  2544     0.5862124E-04
  2545     0.5847931E-04
  2546     0.5833773E-04
  2547     0.5819649E-04
  2548     0.5805559E-04
  2549     0.5791504E-04
  2550     0.5777482E-04
  2551     0.5763494E-04
  2552     0.5749541E-04
  2553     0.5735620E-04
  2554     0.5721734E-04
  2555     0.5707881E-04
  2556     0.5694062E-04
  2557     0.5680277E-04
  2558     0.5666524E-04
  2559     0.5652805E-04
  2560     0.5639119E-04
  2561     0.5625467E-04
  2562     0.5611847E-04
  2563     0.5598260E-04
  2564     0.5584706E-04
  2565     0.5571186E-04
  2566     0.5557697E-04
  2567     0.5544242E-04
  2568     0.5530819E-04
  2569     0.5517428E-04
  2570     0.5504070E-04
  2571     0.5490744E-04
  2572     0.5477451E-04
  2573     0.5464190E-04
  2574     0.5450961E-04
  2575     0.5437763E-04
  2576     0.5424598E-04
  2577     0.5411465E-04
  2578     0.5398363E-04
  2579     0.5385294E-04
  2580     0.5372255E-04
  2581     0.5359249E-04
  2582     0.5346274E-04
  2583     0.5333330E-04
  2584     0.5320418E-04
  2585     0.5307536E-04
  2586     0.5294687E-04
  2587     0.5281868E-04
  2588     0.5269080E-04
  2589     0.5256323E-04
  2590     0.5243597E-04
  2591     0.5230902E-04
  2592     0.5218238E-04
  2593     0.5205604E-04
  2594     0.5193001E-04
  2595     0.5180428E-04
  2596     0.5167886E-04
  2597     0.5155374E-04
  2598     0.5142893E-04
  2599     0.5130442E-04
  2600     0.5118020E-04
  2601     0.5105629E-04
  2602     0.5093268E-04
  2603     0.5080937E-04
  2604     0.5068636E-04
  2605     0.5056364E-04
  2606     0.5044123E-04
  2607     0.5031910E-04
  2608     0.5019728E-04
  2609     0.5007575E-04
  2610     0.4995451E-04
  2611     0.4983357E-04
  2612     0.4971292E-04
  2613     0.4959256E-04
  2614     0.4947249E-04
  2615     0.4935272E-04
  2616     0.4923323E-04
  2617     0.4911403E-04
  2618     0.4899512E-04
  2619     0.4887650E-04
  2620     0.4875817E-04
  2621     0.4864012E-04
  2622     0.4852236E-04
  2623     0.4840489E-04
  2624     0.4828770E-04
  2625     0.4817079E-04
  2626     0.4805416E-04
  2627     0.4793782E-04
  2628     0.4782176E-04
  2629     0.4770598E-04
  2630     0.4759048E-04
  2631     0.4747526E-04
  2632     0.4736032E-04
  2633     0.4724566E-04
  2634     0.4713127E-04
  2635     0.4701717E-04
  2636     0.4690333E-04
  2637     0.4678978E-04
  2638     0.4667650E-04
  2639     0.4656349E-04
  2640     0.4645076E-04
  2641     0.4633830E-04
  2642     0.4622611E-04
  2643     0.4611419E-04
  2644     0.4600255E-04
  2645     0.4589117E-04
  2646     0.4578007E-04
  2647     0.4566923E-04
  2648     0.4555866E-04
  2649     0.4544836E-04
  2650     0.4533833E-04
  2651     0.4522856E-04
  2652     0.4511906E-04
  2653     0.4500982E-04
  2654     0.4490085E-04
  2655     0.4479214E-04
  2656     0.4468370E-04
  2657     0.4457552E-04
  2658     0.4446760E-04
  2659     0.4435994E-04
  2660     0.4425254E-04
  2661     0.4414540E-04
  2662     0.4403852E-04
  2663     0.4393190E-04
  2664     0.4382554E-04
  2665     0.4371944E-04
  2666     0.4361359E-04
  2667     0.4350800E-04
  2668     0.4340266E-04
  2669     0.4329758E-04
  2670     0.4319275E-04
  2671     0.4308818E-04
  2672     0.4298386E-04
  2673     0.4287980E-04
  2674     0.4277598E-04
  2675     0.4267242E-04
  2676     0.4256911E-04
  2677     0.4246604E-04
  2678     0.4236323E-04
  2679     0.4226067E-04
  2680     0.4215835E-04
  2681     0.4205628E-04
  2682     0.4195446E-04
  2683     0.4185289E-04
  2684     0.4175156E-04
  2685     0.4165048E-04
  2686     0.4154964E-04
  2687     0.4144904E-04
  2688     0.4134869E-04
  2689     0.4124858E-04
  2690     0.4114872E-04
  2691     0.4104909E-04
  2692     0.4094971E-04
  2693     0.4085057E-04
  2694     0.4075167E-04
  2695     0.4065301E-04
  2696     0.4055458E-04
  2697     0.4045640E-04
  2698     0.4035845E-04
  2699     0.4026074E-04
  2700     0.4016327E-04
  2701     0.4006603E-04
  2702     0.3996903E-04
  2703     0.3987226E-04
  2704     0.3977573E-04
  2705     0.3967943E-04
  2706     0.3958336E-04
  2707     0.3948753E-04
  2708     0.3939192E-04
  2709     0.3929655E-04
  2710     0.3920141E-04
  2711     0.3910651E-04
  2712     0.3901183E-04
  2713     0.3891738E-04
  2714     0.3882316E-04
  2715     0.3872916E-04
  2716     0.3863540E-04
  2717     0.3854186E-04
  2718     0.3844855E-04
  2719     0.3835546E-04
  2720     0.3826260E-04
  2721     0.3816996E-04
  2722     0.3807755E-04
  2723     0.3798536E-04
  2724     0.3789340E-04
  2725     0.3780166E-04
  2726     0.3771014E-04
  2727     0.3761884E-04
  2728     0.3752776E-04
  2729     0.3743690E-04
  2730     0.3734627E-04
  2731     0.3725585E-04
  2732     0.3716565E-04
  2733     0.3707567E-04
  2734     0.3698591E-04
  2735     0.3689636E-04
  2736     0.3680703E-04
  2737     0.3671792E-04
  2738     0.3662902E-04
  2739     0.3654034E-04
  2740     0.3645188E-04
  2741     0.3636363E-04
  2742     0.3627559E-04
  2743     0.3618776E-04
  2744     0.3610015E-04
  2745     0.3601275E-04
  2746     0.3592556E-04
  2747     0.3583858E-04
  2748     0.3575181E-04
  2749     0.3566526E-04
  2750     0.3557891E-04
  2751     0.3549277E-04
  2752     0.3540684E-04
  2753     0.3532112E-04
  2754     0.3523560E-04
  2755     0.3515030E-04
  2756     0.3506520E-04
  2757     0.3498030E-04
  2758     0.3489561E-04
  2759     0.3481113E-04
  2760     0.3472685E-04
  2761     0.3464277E-04
  2762     0.3455890E-04
  2763     0.3447523E-04
  2764     0.3439176E-04
  2765     0.3430850E-04
  2766     0.3422544E-04
  2767     0.3414257E-04
  2768     0.3405991E-04
  2769     0.3397745E-04
  2770     0.3389519E-04
  2771     0.3381313E-04
  2772     0.3373127E-04
  2773     0.3364960E-04
  2774     0.3356813E-04
  2775     0.3348686E-04
  2776     0.3340579E-04
  2777     0.3332491E-04
  2778     0.3324423E-04
  2779     0.3316374E-04
  2780     0.3308345E-04
  2781     0.3300336E-04
  2782     0.3292345E-04
  2783     0.3284374E-04
  2784     0.3276423E-04
  2785     0.3268490E-04
  2786     0.3260577E-04
  2787     0.3252683E-04
  2788     0.3244808E-04
  2789     0.3236952E-04
  2790     0.3229115E-04
  2791     0.3221297E-04
  2792     0.3213498E-04
  2793     0.3205718E-04
  2794     0.3197957E-04
  2795     0.3190215E-04
  2796     0.3182491E-04
  2797     0.3174786E-04
  2798     0.3167100E-04
  2799     0.3159432E-04
  2800     0.3151783E-04
  2801     0.3144152E-04
  2802     0.3136540E-04
  2803     0.3128946E-04
  2804     0.3121371E-04
  2805     0.3113814E-04
  2806     0.3106275E-04
  2807     0.3098755E-04
  2808     0.3091253E-04
  2809     0.3083768E-04
  2810     0.3076302E-04
  2811     0.3068855E-04
  2812     0.3061425E-04
  2813     0.3054013E-04
  2814     0.3046619E-04
  2815     0.3039243E-04
  2816     0.3031885E-04
  2817     0.3024544E-04
  2818     0.3017222E-04
  2819     0.3009917E-04
  2820     0.3002630E-04
  2821     0.2995360E-04
  2822     0.2988108E-04
  2823     0.2980874E-04
  2824     0.2973657E-04
  2825     0.2966458E-04
  2826     0.2959276E-04
  2827     0.2952111E-04
  2828     0.2944964E-04
  2829     0.2937834E-04
  2830     0.2930721E-04
  2831     0.2923626E-04
  2832     0.2916548E-04
  2833     0.2909487E-04
  2834     0.2902442E-04
  2835     0.2895416E-04
  2836     0.2888406E-04
  2837     0.2881413E-04
  2838     0.2874437E-04
  2839     0.2867477E-04
  2840     0.2860535E-04
  2841     0.2853610E-04
  2842     0.2846701E-04
  2843     0.2839809E-04
  2844     0.2832933E-04
  2845     0.2826075E-04
  2846     0.2819233E-04
  2847     0.2812407E-04
  2848     0.2805598E-04
  2849     0.2798806E-04
  2850     0.2792030E-04
  2851     0.2785270E-04
  2852     0.2778527E-04
  2853     0.2771800E-04
  2854     0.2765089E-04
  2855     0.2758395E-04
  2856     0.2751716E-04
  2857     0.2745054E-04
  2858     0.2738408E-04
  2859     0.2731779E-04
  2860     0.2725165E-04
  2861     0.2718567E-04
  2862     0.2711985E-04
  2863     0.2705419E-04
  2864     0.2698869E-04
  2865     0.2692335E-04
  2866     0.2685817E-04
  2867     0.2679315E-04
  2868     0.2672828E-04
  2869     0.2666357E-04
  2870     0.2659901E-04
  2871     0.2653462E-04
  2872     0.2647037E-04
  2873     0.2640629E-04
  2874     0.2634236E-04
  2875     0.2627858E-04
  2876     0.2621496E-04
  2877     0.2615149E-04
  2878     0.2608818E-04
  2879     0.2602502E-04
  2880     0.2596201E-04
  2881     0.2589915E-04
  2882     0.2583645E-04
  2883     0.2577390E-04
  2884     0.2571150E-04
  2885     0.2564925E-04
  2886     0.2558715E-04
  2887     0.2552520E-04
  2888     0.2546341E-04
  2889     0.2540176E-04
  2890     0.2534026E-04
  2891     0.2527891E-04
  2892     0.2521771E-04
  2893     0.2515665E-04
  2894     0.2509575E-04
  2895     0.2503499E-04
  2896     0.2497438E-04
  2897     0.2491392E-04
  2898     0.2485360E-04
  2899     0.2479343E-04
  2900     0.2473340E-04
  2901     0.2467352E-04
  2902     0.2461378E-04
  2903     0.2455419E-04
  2904     0.2449475E-04
  2905     0.2443544E-04
  2906     0.2437628E-04
  2907     0.2431727E-04
  2908     0.2425839E-04
  2909     0.2419966E-04
  2910     0.2414107E-04
  2911     0.2408263E-04
  2912     0.2402432E-04
  2913     0.2396616E-04
  2914     0.2390813E-04
  2915     0.2385025E-04
  2916     0.2379251E-04
  2917     0.2373491E-04
  2918     0.2367744E-04
  2919     0.2362012E-04
  2920     0.2356293E-04
  2921     0.2350589E-04
  2922     0.2344898E-04
  2923     0.2339221E-04
  2924     0.2333557E-04
  2925     0.2327908E-04
  2926     0.2322272E-04
  2927     0.2316649E-04
  2928     0.2311041E-04
  2929     0.2305445E-04
  2930     0.2299864E-04
  2931     0.2294296E-04
  2932     0.2288741E-04
  2933     0.2283200E-04
  2934     0.2277672E-04
  2935     0.2272158E-04
  2936     0.2266657E-04
  2937     0.2261169E-04
  2938     0.2255695E-04
  2939     0.2250234E-04
  2940     0.2244786E-04
  2941     0.2239351E-04
  2942     0.2233929E-04
  2943     0.2228521E-04
  2944     0.2223126E-04
  2945     0.2217743E-04
  2946     0.2212374E-04
  2947     0.2207018E-04
  2948     0.2201675E-04
  2949     0.2196344E-04
  2950     0.2191027E-04
  2951     0.2185722E-04
  2952     0.2180430E-04
  2953     0.2175151E-04
  2954     0.2169885E-04
  2955     0.2164632E-04
  2956     0.2159391E-04
  2957     0.2154163E-04
  2958     0.2148948E-04
  2959     0.2143745E-04
  2960     0.2138555E-04
  2961     0.2133378E-04
  2962     0.2128213E-04
  2963     0.2123060E-04
  2964     0.2117920E-04
  2965     0.2112792E-04
  2966     0.2107677E-04
  2967     0.2102575E-04
  2968     0.2097484E-04
  2969     0.2092406E-04
  2970     0.2087340E-04
  2971     0.2082287E-04
  2972     0.2077245E-04
  2973     0.2072216E-04
  2974     0.2067199E-04
  2975     0.2062194E-04
  2976     0.2057202E-04
  2977     0.2052221E-04
  2978     0.2047253E-04
  2979     0.2042296E-04
  2980     0.2037352E-04
  2981     0.2032419E-04
  2982     0.2027499E-04
  2983     0.2022590E-04
  2984     0.2017693E-04
  2985     0.2012808E-04
  2986     0.2007935E-04
  2987     0.2003074E-04
  2988     0.1998224E-04
  2989     0.1993387E-04
  2990     0.1988560E-04
  2991     0.1983746E-04
  2992     0.1978943E-04
  2993     0.1974152E-04
  2994     0.1969373E-04
  2995     0.1964605E-04
  2996     0.1959848E-04
  2997     0.1955103E-04
  2998     0.1950370E-04
  2999     0.1945648E-04
  3000     0.1940938E-04
  3001     0.1936239E-04
  3002     0.1931551E-04
  3003     0.1926874E-04
  3004     0.1922209E-04
  3005     0.1917556E-04
  3006     0.1912913E-04
  3007     0.1908282E-04
  3008     0.1903662E-04
  3009     0.1899053E-04
  3010     0.1894455E-04
  3011     0.1889869E-04
  3012     0.1885293E-04
  3013     0.1880729E-04
  3014     0.1876176E-04
  3015     0.1871633E-04
  3016     0.1867102E-04
  3017     0.1862582E-04
  3018     0.1858072E-04
  3019     0.1853574E-04
  3020     0.1849086E-04
  3021     0.1844610E-04
  3022     0.1840144E-04
  3023     0.1835689E-04
  3024     0.1831244E-04
  3025     0.1826811E-04
  3026     0.1822388E-04
  3027     0.1817976E-04
  3028     0.1813574E-04
  3029     0.1809184E-04
  3030     0.1804804E-04
  3031     0.1800434E-04
  3032     0.1796075E-04
  3033     0.1791727E-04
  3034     0.1787389E-04
  3035     0.1783062E-04
  3036     0.1778745E-04
  3037     0.1774438E-04
  3038     0.1770142E-04
  3039     0.1765857E-04
  3040     0.1761582E-04
  3041     0.1757317E-04
  3042     0.1753062E-04
  3043     0.1748818E-04
  3044     0.1744584E-04
  3045     0.1740360E-04
  3046     0.1736147E-04
  3047     0.1731943E-04
  3048     0.1727750E-04
  3049     0.1723567E-04
  3050     0.1719395E-04
  3051     0.1715232E-04
  3052     0.1711079E-04
  3053     0.1706937E-04
  3054     0.1702804E-04
  3055     0.1698681E-04
  3056     0.1694569E-04
  3057     0.1690466E-04
  3058     0.1686374E-04
  3059     0.1682291E-04
  3060     0.1678218E-04
  3061     0.1674155E-04
  3062     0.1670102E-04
  3063     0.1666058E-04
  3064     0.1662025E-04
  3065     0.1658001E-04
  3066     0.1653987E-04
  3067     0.1649982E-04
  3068     0.1645988E-04
  3069     0.1642003E-04
  3070     0.1638027E-04
  3071     0.1634062E-04
  3072     0.1630106E-04
  3073     0.1626159E-04
  3074     0.1622222E-04
  3075     0.1618294E-04
  3076     0.1614377E-04
  3077     0.1610468E-04
  3078     0.1606569E-04
  3079     0.1602679E-04
  3080     0.1598799E-04
  3081     0.1594929E-04
  3082     0.1591067E-04
  3083     0.1587215E-04
  3084     0.1583372E-04
  3085     0.1579539E-04
  3086     0.1575715E-04
  3087     0.1571900E-04
  3088     0.1568094E-04
  3089     0.1564298E-04
  3090     0.1560511E-04
  3091     0.1556733E-04
  3092     0.1552964E-04
  3093     0.1549204E-04
  3094     0.1545453E-04
  3095     0.1541712E-04
  3096     0.1537979E-04
  3097     0.1534256E-04
  3098     0.1530541E-04
  3099     0.1526836E-04
  3100     0.1523139E-04
  3101     0.1519452E-04
  3102     0.1515773E-04
  3103     0.1512103E-04
  3104     0.1508442E-04
  3105     0.1504790E-04
  3106     0.1501147E-04
  3107     0.1497513E-04
  3108     0.1493887E-04
  3109     0.1490270E-04
  3110     0.1486662E-04
  3111     0.1483063E-04
  3112     0.1479473E-04
  3113     0.1475891E-04
  3114     0.1472318E-04
  3115     0.1468753E-04
  3116     0.1465197E-04
  3117     0.1461650E-04
  3118     0.1458111E-04
  3119     0.1454581E-04
  3120     0.1451059E-04
  3121     0.1447546E-04
  3122     0.1444042E-04
  3123     0.1440546E-04
  3124     0.1437058E-04
  3125     0.1433579E-04
  3126     0.1430108E-04
  3127     0.1426646E-04
  3128     0.1423192E-04
  3129     0.1419746E-04
  3130     0.1416309E-04
  3131     0.1412880E-04
  3132     0.1409459E-04
  3133     0.1406047E-04
  3134     0.1402643E-04
  3135     0.1399247E-04
  3136     0.1395859E-04
  3137     0.1392480E-04
  3138     0.1389109E-04
  3139     0.1385746E-04
  3140     0.1382391E-04
  3141     0.1379044E-04
  3142     0.1375705E-04
  3143     0.1372375E-04
  3144     0.1369052E-04
  3145     0.1365737E-04
  3146     0.1362431E-04
  3147     0.1359132E-04
  3148     0.1355842E-04
  3149     0.1352559E-04
  3150     0.1349285E-04
  3151     0.1346018E-04
  3152     0.1342759E-04
  3153     0.1339509E-04
  3154     0.1336266E-04
  3155     0.1333030E-04
  3156     0.1329803E-04
  3157     0.1326584E-04
  3158     0.1323372E-04
  3159     0.1320168E-04
  3160     0.1316972E-04
  3161     0.1313783E-04
  3162     0.1310603E-04
  3163     0.1307430E-04
  3164     0.1304264E-04
  3165     0.1301107E-04
  3166     0.1297957E-04
  3167     0.1294814E-04
  3168     0.1291679E-04
  3169     0.1288552E-04
  3170     0.1285433E-04
  3171     0.1282320E-04
  3172     0.1279216E-04
  3173     0.1276119E-04
  3174     0.1273029E-04
  3175     0.1269947E-04
  3176     0.1266873E-04
  3177     0.1263806E-04
  3178     0.1260746E-04
  3179     0.1257694E-04
  3180     0.1254649E-04
  3181     0.1251611E-04
  3182     0.1248581E-04
  3183     0.1245558E-04
  3184     0.1242542E-04
  3185     0.1239534E-04
  3186     0.1236533E-04
  3187     0.1233540E-04
  3188     0.1230553E-04
  3189     0.1227574E-04
  3190     0.1224602E-04
  3191     0.1221637E-04
  3192     0.1218679E-04
  3193     0.1215729E-04
  3194     0.1212786E-04
  3195     0.1209849E-04
  3196     0.1206920E-04
  3197     0.1203998E-04
  3198     0.1201083E-04
  3199     0.1198176E-04
  3200     0.1195275E-04
  3201     0.1192381E-04
  3202     0.1189494E-04
  3203     0.1186614E-04
  3204     0.1183742E-04
  3205     0.1180876E-04
  3206     0.1178017E-04
  3207     0.1175165E-04
  3208     0.1172320E-04
  3209     0.1169481E-04
  3210     0.1166650E-04
  3211     0.1163825E-04
  3212     0.1161008E-04
  3213     0.1158197E-04
  3214     0.1155393E-04
  3215     0.1152596E-04
  3216     0.1149805E-04
  3217     0.1147022E-04
  3218     0.1144245E-04
  3219     0.1141474E-04
  3220     0.1138711E-04
  3221     0.1135954E-04
  3222     0.1133204E-04
  3223     0.1130460E-04
  3224     0.1127723E-04
  3225     0.1124993E-04
  3226     0.1122269E-04
  3227     0.1119552E-04
  3228     0.1116842E-04
  3229     0.1114138E-04
  3230     0.1111441E-04
  3231     0.1108750E-04
  3232     0.1106065E-04
  3233     0.1103388E-04
  3234     0.1100716E-04
  3235     0.1098051E-04
  3236     0.1095393E-04
  3237     0.1092741E-04
  3238     0.1090095E-04
  3239     0.1087456E-04
  3240     0.1084823E-04
  3241     0.1082197E-04
  3242     0.1079577E-04
  3243     0.1076963E-04
  3244     0.1074356E-04
  3245     0.1071755E-04
  3246     0.1069160E-04
  3247     0.1066572E-04
  3248     0.1063989E-04
  3249     0.1061414E-04
  3250     0.1058844E-04
  3251     0.1056280E-04
  3252     0.1053723E-04
  3253     0.1051172E-04
  3254     0.1048627E-04
  3255     0.1046088E-04
  3256     0.1043556E-04
  3257     0.1041029E-04
  3258     0.1038509E-04
  3259     0.1035995E-04
  3260     0.1033486E-04
  3261     0.1030984E-04
  3262     0.1028488E-04
  3263     0.1025998E-04
  3264     0.1023514E-04
  3265     0.1021036E-04
  3266     0.1018564E-04
  3267     0.1016098E-04
  3268     0.1013638E-04
  3269     0.1011184E-04
  3270     0.1008736E-04
  3271     0.1006294E-04
  3272     0.1003858E-04
  3273     0.1001427E-04
  3274     0.9990028E-05
