     0   0.3000000E+02
     1   0.1125000E+02
     2   0.5390625E+01
     3   0.3554361E+01
     4   0.2704836E+01
     5   0.2170364E+01
     6   0.1809874E+01
     7   0.1534479E+01
     8   0.1365295E+01
     9   0.1212859E+01
    10   0.1095519E+01
    11   0.9898125E+00
    12   0.9030412E+00
    13   0.8388211E+00
    14   0.7785293E+00
    15   0.7288053E+00
    16   0.6831371E+00
    17   0.6405306E+00
    18   0.6020346E+00
    19   0.5725324E+00
    20   0.5442930E+00
    21   0.5185215E+00
    22   0.4958945E+00
    23   0.4742381E+00
    24   0.4535901E+00
    25   0.4339576E+00
    26   0.4174569E+00
    27   0.4025058E+00
    28   0.3880674E+00
    29   0.3749901E+00
    30   0.3629447E+00
    31   0.3512803E+00
    32   0.3400087E+00
    33   0.3291346E+00
    34   0.3186576E+00
    35   0.3099602E+00
    36   0.3015332E+00
    37   0.2933320E+00
    38   0.2857593E+00
    39   0.2787272E+00
    40   0.2718635E+00
    41   0.2651729E+00
    42   0.2586581E+00
    43   0.2523202E+00
    44   0.2461590E+00
    45   0.2409007E+00
    46   0.2357676E+00
    47   0.2307430E+00
    48   0.2259198E+00
    49   0.2215269E+00
    50   0.2172157E+00
    51   0.2129883E+00
    52   0.2088462E+00
    53   0.2047903E+00
    54   0.2008210E+00
    55   0.1969383E+00
    56   0.1934432E+00
    57   0.1901283E+00
    58   0.1868695E+00
    59   0.1836677E+00
    60   0.1806820E+00
    61   0.1778343E+00
    62   0.1750302E+00
    63   0.1722707E+00
    64   0.1695563E+00
    65   0.1668873E+00
    66   0.1642641E+00
    67   0.1616868E+00
    68   0.1592017E+00
    69   0.1569612E+00
    70   0.1547515E+00
    71   0.1525731E+00
    72   0.1504264E+00
    73   0.1484338E+00
    74   0.1465000E+00
    75   0.1445908E+00
    76   0.1427066E+00
    77   0.1408477E+00
    78   0.1390144E+00
    79   0.1372067E+00
    80   0.1354248E+00
    81   0.1336687E+00
    82   0.1319983E+00
    83   0.1304455E+00
    84   0.1289108E+00
    85   0.1273944E+00
    86   0.1258966E+00
    87   0.1244864E+00
    88   0.1231239E+00
    89   0.1217759E+00
    90   0.1204428E+00
    91   0.1191245E+00
    92   0.1178214E+00
    93   0.1165333E+00
    94   0.1152605E+00
    95   0.1140030E+00
    96   0.1127607E+00
    97   0.1115652E+00
    98   0.1104527E+00
    99   0.1093512E+00
   100   0.1082609E+00
   101   0.1071819E+00
   102   0.1061392E+00
   103   0.1051502E+00
   104   0.1041702E+00
   105   0.1031993E+00
   106   0.1022375E+00
   107   0.1012850E+00
   108   0.1003418E+00
   109   0.9940799E-01
   110   0.9848352E-01
   111   0.9756846E-01
   112   0.9666280E-01
   113   0.9576657E-01
   114   0.9494530E-01
   115   0.9413317E-01
   116   0.9332808E-01
   117   0.9253009E-01
   118   0.9173923E-01
   119   0.9099762E-01
   120   0.9026734E-01
   121   0.8954282E-01
   122   0.8882411E-01
   123   0.8811126E-01
   124   0.8740430E-01
   125   0.8670327E-01
   126   0.8600820E-01
   127   0.8531910E-01
   128   0.8463599E-01
   129   0.8395887E-01
   130   0.8328776E-01
   131   0.8264026E-01
   132   0.8202749E-01
   133   0.8141929E-01
   134   0.8081568E-01
   135   0.8021671E-01
   136   0.7963012E-01
   137   0.7907408E-01
   138   0.7852178E-01
   139   0.7797328E-01
   140   0.7742859E-01
   141   0.7688775E-01
   142   0.7635077E-01
   143   0.7581768E-01
   144   0.7528850E-01
   145   0.7476324E-01
   146   0.7424191E-01
   147   0.7372451E-01
   148   0.7321106E-01
   149   0.7270156E-01
   150   0.7221490E-01
   151   0.7174622E-01
   152   0.7128060E-01
   153   0.7081807E-01
   154   0.7035864E-01
   155   0.6990936E-01
   156   0.6948047E-01
   157   0.6905412E-01
   158   0.6863034E-01
   159   0.6820915E-01
   160   0.6779056E-01
   161   0.6737458E-01
   162   0.6696123E-01
   163   0.6655052E-01
   164   0.6614247E-01
   165   0.6573708E-01
   166   0.6533435E-01
   167   0.6493430E-01
   168   0.6453692E-01
   169   0.6414223E-01
   170   0.6376616E-01
   171   0.6340098E-01
   172   0.6303792E-01
   173   0.6267700E-01
   174   0.6231821E-01
   175   0.6196158E-01
   176   0.6162384E-01
   177   0.6128915E-01
   178   0.6095624E-01
   179   0.6062514E-01
   180   0.6029585E-01
   181   0.5996838E-01
   182   0.5964275E-01
   183   0.5931896E-01
   184   0.5899702E-01
   185   0.5867694E-01
   186   0.5835871E-01
   187   0.5804235E-01
   188   0.5772787E-01
   189   0.5741525E-01
   190   0.5710451E-01
   191   0.5681133E-01
   192   0.5652256E-01
   193   0.5623530E-01
   194   0.5594955E-01
   195   0.5566532E-01
   196   0.5538261E-01
   197   0.5510257E-01
   198   0.5483632E-01
   199   0.5457134E-01
   200   0.5430766E-01
   201   0.5404527E-01
   202   0.5378419E-01
   203   0.5352442E-01
   204   0.5326596E-01
   205   0.5300882E-01
   206   0.5275301E-01
   207   0.5249853E-01
   208   0.5224537E-01
   209   0.5199356E-01
   210   0.5174308E-01
   211   0.5149393E-01
   212   0.5125309E-01
   213   0.5102095E-01
   214   0.5078990E-01
   215   0.5055994E-01
   216   0.5033107E-01
   217   0.5010329E-01
   218   0.4987662E-01
   219   0.4965105E-01
   220   0.4942658E-01
   221   0.4921008E-01
   222   0.4899784E-01
   223   0.4878654E-01
   224   0.4857618E-01
   225   0.4836677E-01
   226   0.4815832E-01
   227   0.4795081E-01
   228   0.4774427E-01
   229   0.4753868E-01
   230   0.4733406E-01
   231   0.4713040E-01
   232   0.4692770E-01
   233   0.4672597E-01
   234   0.4653574E-01
   235   0.4634736E-01
   236   0.4615976E-01
   237   0.4597294E-01
   238   0.4578691E-01
   239   0.4560168E-01
   240   0.4541724E-01
   241   0.4523359E-01
   242   0.4505075E-01
   243   0.4486870E-01
   244   0.4468746E-01
   245   0.4450702E-01
   246   0.4433094E-01
   247   0.4415972E-01
   248   0.4398918E-01
   249   0.4381933E-01
   250   0.4365017E-01
   251   0.4348170E-01
   252   0.4331392E-01
   253   0.4314684E-01
   254   0.4298045E-01
   255   0.4281856E-01
   256   0.4266298E-01
   257   0.4250795E-01
   258   0.4235349E-01
   259   0.4219959E-01
   260   0.4204625E-01
   261   0.4189348E-01
   262   0.4174127E-01
   263   0.4158964E-01
   264   0.4143857E-01
   265   0.4128808E-01
   266   0.4113816E-01
   267   0.4098882E-01
   268   0.4084005E-01
   269   0.4069186E-01
   270   0.4054425E-01
   271   0.4039721E-01
   272   0.4025075E-01
   273   0.4011151E-01
   274   0.3997405E-01
   275   0.3983706E-01
   276   0.3970054E-01
   277   0.3956449E-01
   278   0.3942891E-01
   279   0.3929646E-01
   280   0.3916737E-01
   281   0.3903867E-01
   282   0.3891037E-01
   283   0.3878246E-01
   284   0.3865496E-01
   285   0.3852785E-01
   286   0.3840114E-01
   287   0.3827484E-01
   288   0.3814894E-01
   289   0.3802344E-01
   290   0.3789835E-01
   291   0.3777367E-01
   292   0.3764939E-01
   293   0.3752552E-01
   294   0.3740745E-01
   295   0.3729094E-01
   296   0.3717474E-01
   297   0.3705887E-01
   298   0.3694333E-01
   299   0.3682811E-01
   300   0.3671322E-01
   301   0.3659865E-01
   302   0.3648442E-01
   303   0.3637051E-01
   304   0.3625694E-01
   305   0.3614370E-01
   306   0.3603079E-01
   307   0.3591822E-01
   308   0.3580598E-01
   309   0.3569407E-01
   310   0.3558313E-01
   311   0.3547749E-01
   312   0.3537211E-01
   313   0.3526700E-01
   314   0.3516215E-01
   315   0.3505756E-01
   316   0.3495325E-01
   317   0.3484920E-01
   318   0.3474543E-01
   319   0.3464545E-01
   320   0.3454591E-01
   321   0.3444659E-01
   322   0.3434749E-01
   323   0.3424861E-01
   324   0.3414996E-01
   325   0.3405153E-01
   326   0.3395333E-01
   327   0.3385536E-01
   328   0.3375761E-01
   329   0.3366009E-01
   330   0.3356281E-01
   331   0.3346575E-01
   332   0.3337322E-01
   333   0.3328117E-01
   334   0.3318930E-01
   335   0.3309761E-01
   336   0.3300610E-01
   337   0.3291476E-01
   338   0.3282361E-01
   339   0.3273264E-01
   340   0.3264185E-01
   341   0.3255124E-01
   342   0.3246082E-01
   343   0.3237059E-01
   344   0.3228054E-01
   345   0.3219068E-01
   346   0.3210101E-01
   347   0.3201153E-01
   348   0.3192427E-01
   349   0.3183900E-01
   350   0.3175388E-01
   351   0.3166890E-01
   352   0.3158406E-01
   353   0.3149938E-01
   354   0.3141484E-01
   355   0.3133045E-01
   356   0.3124622E-01
   357   0.3116213E-01
   358   0.3107820E-01
   359   0.3099443E-01
   360   0.3091081E-01
   361   0.3082734E-01
   362   0.3074403E-01
   363   0.3066088E-01
   364   0.3057844E-01
   365   0.3049880E-01
   366   0.3041928E-01
   367   0.3033988E-01
   368   0.3026060E-01
   369   0.3018145E-01
   370   0.3010242E-01
   371   0.3002352E-01
   372   0.2994474E-01
   373   0.2986609E-01
   374   0.2978757E-01
   375   0.2970918E-01
   376   0.2963092E-01
   377   0.2955280E-01
   378   0.2947480E-01
   379   0.2939694E-01
   380   0.2931922E-01
   381   0.2924321E-01
   382   0.2916835E-01
   383   0.2909360E-01
   384   0.2901895E-01
   385   0.2894441E-01
   386   0.2886997E-01
   387   0.2879565E-01
   388   0.2872143E-01
   389   0.2864733E-01
   390   0.2857333E-01
   391   0.2849945E-01
   392   0.2842568E-01
   393   0.2835203E-01
   394   0.2827849E-01
   395   0.2820507E-01
   396   0.2813218E-01
   397   0.2806062E-01
   398   0.2798916E-01
   399   0.2791780E-01
   400   0.2784654E-01
   401   0.2777537E-01
   402   0.2770430E-01
   403   0.2763334E-01
   404   0.2756262E-01
   405   0.2749234E-01
   406   0.2742215E-01
   407   0.2735207E-01
   408   0.2728208E-01
   409   0.2721333E-01
   410   0.2714497E-01
   411   0.2707670E-01
   412   0.2700852E-01
   413   0.2694042E-01
   414   0.2687241E-01
   415   0.2680448E-01
   416   0.2673665E-01
   417   0.2666890E-01
   418   0.2660125E-01
   419   0.2653368E-01
   420   0.2646621E-01
   421   0.2639883E-01
   422   0.2633155E-01
   423   0.2626437E-01
   424   0.2619727E-01
   425   0.2613028E-01
   426   0.2606338E-01
   427   0.2599659E-01
   428   0.2593046E-01
   429   0.2586532E-01
   430   0.2580027E-01
   431   0.2573530E-01
   432   0.2567041E-01
   433   0.2560561E-01
   434   0.2554089E-01
   435   0.2547626E-01
   436   0.2541172E-01
   437   0.2534727E-01
   438   0.2528290E-01
   439   0.2521863E-01
   440   0.2515444E-01
   441   0.2509035E-01
   442   0.2502635E-01
   443   0.2496245E-01
   444   0.2489864E-01
   445   0.2483492E-01
   446   0.2477130E-01
   447   0.2470777E-01
   448   0.2464434E-01
   449   0.2458101E-01
   450   0.2451777E-01
   451   0.2445464E-01
   452   0.2439218E-01
   453   0.2433029E-01
   454   0.2426850E-01
   455   0.2420679E-01
   456   0.2414517E-01
   457   0.2408363E-01
   458   0.2402219E-01
   459   0.2396084E-01
   460   0.2389958E-01
   461   0.2383841E-01
   462   0.2377734E-01
   463   0.2371635E-01
   464   0.2365546E-01
   465   0.2359467E-01
   466   0.2353397E-01
   467   0.2347336E-01
   468   0.2341286E-01
   469   0.2335244E-01
   470   0.2329213E-01
   471   0.2323191E-01
   472   0.2317179E-01
   473   0.2311177E-01
   474   0.2305185E-01
   475   0.2299203E-01
   476   0.2293231E-01
   477   0.2287269E-01
   478   0.2281317E-01
   479   0.2275375E-01
   480   0.2269443E-01
   481   0.2263522E-01
   482   0.2257631E-01
   483   0.2251800E-01
   484   0.2245979E-01
   485   0.2240167E-01
   486   0.2234364E-01
   487   0.2228572E-01
   488   0.2222788E-01
   489   0.2217015E-01
   490   0.2211251E-01
   491   0.2205498E-01
   492   0.2199754E-01
   493   0.2194020E-01
   494   0.2188295E-01
   495   0.2182581E-01
   496   0.2176877E-01
   497   0.2171183E-01
   498   0.2165499E-01
   499   0.2159825E-01
   500   0.2154161E-01
   501   0.2148508E-01
   502   0.2142865E-01
   503   0.2137232E-01
   504   0.2131609E-01
   505   0.2125996E-01
   506   0.2120394E-01
   507   0.2114803E-01
   508   0.2109222E-01
   509   0.2103651E-01
   510   0.2098090E-01
   511   0.2092541E-01
   512   0.2087001E-01
   513   0.2081473E-01
   514   0.2075955E-01
   515   0.2070447E-01
   516   0.2064950E-01
   517   0.2059464E-01
   518   0.2053989E-01
   519   0.2048524E-01
   520   0.2043070E-01
   521   0.2037627E-01
   522   0.2032194E-01
   523   0.2026773E-01
   524   0.2021362E-01
   525   0.2015962E-01
   526   0.2010572E-01
   527   0.2005228E-01
   528   0.1999898E-01
   529   0.1994580E-01
   530   0.1989271E-01
   531   0.1983973E-01
   532   0.1978685E-01
   533   0.1973408E-01
   534   0.1968142E-01
   535   0.1962886E-01
   536   0.1957640E-01
   537   0.1952405E-01
   538   0.1947181E-01
   539   0.1941967E-01
   540   0.1936764E-01
   541   0.1931571E-01
   542   0.1926389E-01
   543   0.1921218E-01
   544   0.1916058E-01
   545   0.1910908E-01
   546   0.1905769E-01
   547   0.1900640E-01
   548   0.1895522E-01
   549   0.1890415E-01
   550   0.1885319E-01
   551   0.1880233E-01
   552   0.1875158E-01
   553   0.1870094E-01
   554   0.1865041E-01
   555   0.1859999E-01
   556   0.1854967E-01
   557   0.1849946E-01
   558   0.1844936E-01
   559   0.1839937E-01
   560   0.1834948E-01
   561   0.1829971E-01
   562   0.1825004E-01
   563   0.1820048E-01
   564   0.1815103E-01
   565   0.1810169E-01
   566   0.1805245E-01
   567   0.1800333E-01
   568   0.1795431E-01
   569   0.1790540E-01
   570   0.1785660E-01
   571   0.1780791E-01
   572   0.1775933E-01
   573   0.1771086E-01
   574   0.1766249E-01
   575   0.1761424E-01
   576   0.1756609E-01
   577   0.1751805E-01
   578   0.1747012E-01
   579   0.1742230E-01
   580   0.1737459E-01
   581   0.1732699E-01
   582   0.1727949E-01
   583   0.1723210E-01
   584   0.1718483E-01
   585   0.1713766E-01
   586   0.1709060E-01
   587   0.1704365E-01
   588   0.1699680E-01
   589   0.1695007E-01
   590   0.1690344E-01
   591   0.1685693E-01
   592   0.1681052E-01
   593   0.1676422E-01
   594   0.1671802E-01
   595   0.1667194E-01
   596   0.1662597E-01
   597   0.1658010E-01
   598   0.1653434E-01
   599   0.1648869E-01
   600   0.1644314E-01
   601   0.1639771E-01
   602   0.1635238E-01
   603   0.1630716E-01
   604   0.1626205E-01
   605   0.1621704E-01
   606   0.1617215E-01
   607   0.1612736E-01
   608   0.1608267E-01
   609   0.1603810E-01
   610   0.1599363E-01
   611   0.1594927E-01
   612   0.1590502E-01
   613   0.1586087E-01
   614   0.1581683E-01
   615   0.1577290E-01
   616   0.1572908E-01
   617   0.1568548E-01
   618   0.1564199E-01
   619   0.1559860E-01
   620   0.1555532E-01
   621   0.1551214E-01
   622   0.1546907E-01
   623   0.1542610E-01
   624   0.1538323E-01
   625   0.1534047E-01
   626   0.1529782E-01
   627   0.1525526E-01
   628   0.1521282E-01
   629   0.1517047E-01
   630   0.1512823E-01
   631   0.1508609E-01
   632   0.1504406E-01
   633   0.1500212E-01
   634   0.1496030E-01
   635   0.1491857E-01
   636   0.1487695E-01
   637   0.1483543E-01
   638   0.1479401E-01
   639   0.1475270E-01
   640   0.1471149E-01
   641   0.1467038E-01
   642   0.1462938E-01
   643   0.1458847E-01
   644   0.1454767E-01
   645   0.1450697E-01
   646   0.1446637E-01
   647   0.1442587E-01
   648   0.1438548E-01
   649   0.1434518E-01
   650   0.1430499E-01
   651   0.1426490E-01
   652   0.1422491E-01
   653   0.1418502E-01
   654   0.1414523E-01
   655   0.1410554E-01
   656   0.1406595E-01
   657   0.1402646E-01
   658   0.1398708E-01
   659   0.1394779E-01
   660   0.1390860E-01
   661   0.1386951E-01
   662   0.1383052E-01
   663   0.1379163E-01
   664   0.1375284E-01
   665   0.1371415E-01
   666   0.1367556E-01
   667   0.1363707E-01
   668   0.1359867E-01
   669   0.1356038E-01
   670   0.1352218E-01
   671   0.1348408E-01
   672   0.1344608E-01
   673   0.1340817E-01
   674   0.1337037E-01
   675   0.1333266E-01
   676   0.1329505E-01
   677   0.1325753E-01
   678   0.1322012E-01
   679   0.1318280E-01
   680   0.1314558E-01
   681   0.1310845E-01
   682   0.1307142E-01
   683   0.1303448E-01
   684   0.1299765E-01
   685   0.1296091E-01
   686   0.1292426E-01
   687   0.1288771E-01
   688   0.1285125E-01
   689   0.1281489E-01
   690   0.1277863E-01
   691   0.1274246E-01
   692   0.1270638E-01
   693   0.1267040E-01
   694   0.1263452E-01
   695   0.1259873E-01
   696   0.1256303E-01
   697   0.1252742E-01
   698   0.1249191E-01
   699   0.1245650E-01
   700   0.1242117E-01
   701   0.1238594E-01
   702   0.1235081E-01
   703   0.1231576E-01
   704   0.1228081E-01
   705   0.1224595E-01
   706   0.1221118E-01
   707   0.1217651E-01
   708   0.1214193E-01
   709   0.1210743E-01
   710   0.1207304E-01
   711   0.1203873E-01
   712   0.1200451E-01
   713   0.1197038E-01
   714   0.1193635E-01
   715   0.1190241E-01
   716   0.1186855E-01
   717   0.1183479E-01
   718   0.1180111E-01
   719   0.1176753E-01
   720   0.1173404E-01
   721   0.1170063E-01
   722   0.1166732E-01
   723   0.1163409E-01
   724   0.1160096E-01
   725   0.1156791E-01
   726   0.1153495E-01
   727   0.1150208E-01
   728   0.1146930E-01
   729   0.1143661E-01
   730   0.1140400E-01
   731   0.1137148E-01
   732   0.1133905E-01
   733   0.1130671E-01
   734   0.1127445E-01
   735   0.1124228E-01
   736   0.1121020E-01
   737   0.1117821E-01
   738   0.1114630E-01
   739   0.1111447E-01
   740   0.1108274E-01
   741   0.1105109E-01
   742   0.1101952E-01
   743   0.1098804E-01
   744   0.1095665E-01
   745   0.1092534E-01
   746   0.1089412E-01
   747   0.1086298E-01
   748   0.1083192E-01
   749   0.1080095E-01
   750   0.1077007E-01
   751   0.1073926E-01
   752   0.1070855E-01
   753   0.1067791E-01
   754   0.1064736E-01
   755   0.1061689E-01
   756   0.1058651E-01
   757   0.1055621E-01
   758   0.1052599E-01
   759   0.1049585E-01
   760   0.1046580E-01
   761   0.1043583E-01
   762   0.1040594E-01
   763   0.1037613E-01
   764   0.1034640E-01
   765   0.1031676E-01
   766   0.1028720E-01
   767   0.1025771E-01
   768   0.1022831E-01
   769   0.1019899E-01
   770   0.1016975E-01
   771   0.1014059E-01
   772   0.1011151E-01
   773   0.1008251E-01
   774   0.1005359E-01
   775   0.1002475E-01
   776   0.9995988E-02
   777   0.9967306E-02
   778   0.9938702E-02
   779   0.9910178E-02
   780   0.9881732E-02
   781   0.9853365E-02
   782   0.9825076E-02
   783   0.9796865E-02
   784   0.9768732E-02
   785   0.9740677E-02
   786   0.9712699E-02
   787   0.9684799E-02
   788   0.9656976E-02
   789   0.9629230E-02
   790   0.9601560E-02
   791   0.9573967E-02
   792   0.9546451E-02
   793   0.9519011E-02
   794   0.9491647E-02
   795   0.9464358E-02
   796   0.9437146E-02
   797   0.9410009E-02
   798   0.9382947E-02
   799   0.9355960E-02
   800   0.9329049E-02
   801   0.9302212E-02
   802   0.9275449E-02
   803   0.9248762E-02
   804   0.9222148E-02
   805   0.9195608E-02
   806   0.9169143E-02
   807   0.9142751E-02
   808   0.9116432E-02
   809   0.9090187E-02
   810   0.9064015E-02
   811   0.9037915E-02
   812   0.9011889E-02
   813   0.8985935E-02
   814   0.8960054E-02
   815   0.8934245E-02
   816   0.8908508E-02
   817   0.8882843E-02
   818   0.8857249E-02
   819   0.8831727E-02
   820   0.8806277E-02
   821   0.8780897E-02
   822   0.8755589E-02
   823   0.8730351E-02
   824   0.8705184E-02
   825   0.8680087E-02
   826   0.8655061E-02
   827   0.8630105E-02
   828   0.8605219E-02
   829   0.8580402E-02
   830   0.8555655E-02
   831   0.8530978E-02
   832   0.8506369E-02
   833   0.8481830E-02
   834   0.8457360E-02
   835   0.8432958E-02
   836   0.8408625E-02
   837   0.8384360E-02
   838   0.8360163E-02
   839   0.8336034E-02
   840   0.8311973E-02
   841   0.8287980E-02
   842   0.8264054E-02
   843   0.8240196E-02
   844   0.8216405E-02
   845   0.8192680E-02
   846   0.8169023E-02
   847   0.8145432E-02
   848   0.8121907E-02
   849   0.8098449E-02
   850   0.8075057E-02
   851   0.8051730E-02
   852   0.8028470E-02
   853   0.8005275E-02
   854   0.7982146E-02
   855   0.7959081E-02
   856   0.7936082E-02
   857   0.7913148E-02
   858   0.7890278E-02
   859   0.7867473E-02
   860   0.7844733E-02
   861   0.7822057E-02
   862   0.7799444E-02
   863   0.7776896E-02
   864   0.7754412E-02
   865   0.7731991E-02
   866   0.7709633E-02
   867   0.7687339E-02
   868   0.7665107E-02
   869   0.7642939E-02
   870   0.7620833E-02
   871   0.7598790E-02
   872   0.7576810E-02
   873   0.7554891E-02
   874   0.7533035E-02
   875   0.7511241E-02
   876   0.7489508E-02
   877   0.7467837E-02
   878   0.7446227E-02
   879   0.7424679E-02
   880   0.7403192E-02
   881   0.7381765E-02
   882   0.7360400E-02
   883   0.7339095E-02
   884   0.7317851E-02
   885   0.7296667E-02
   886   0.7275543E-02
   887   0.7254479E-02
   888   0.7233475E-02
   889   0.7212530E-02
   890   0.7191645E-02
   891   0.7170819E-02
   892   0.7150053E-02
   893   0.7129346E-02
   894   0.7108697E-02
   895   0.7088107E-02
   896   0.7067576E-02
   897   0.7047103E-02
   898   0.7026689E-02
   899   0.7006332E-02
   900   0.6986033E-02
   901   0.6965793E-02
   902   0.6945610E-02
   903   0.6925484E-02
   904   0.6905415E-02
   905   0.6885404E-02
   906   0.6865450E-02
   907   0.6845553E-02
   908   0.6825712E-02
   909   0.6805928E-02
   910   0.6786200E-02
   911   0.6766529E-02
   912   0.6746913E-02
   913   0.6727354E-02
   914   0.6707850E-02
   915   0.6688402E-02
   916   0.6669010E-02
   917   0.6649673E-02
   918   0.6630391E-02
   919   0.6611164E-02
   920   0.6591992E-02
   921   0.6572874E-02
   922   0.6553812E-02
   923   0.6534803E-02
   924   0.6515849E-02
   925   0.6496950E-02
   926   0.6478104E-02
   927   0.6459312E-02
   928   0.6440574E-02
   929   0.6421889E-02
   930   0.6403258E-02
   931   0.6384680E-02
   932   0.6366155E-02
   933   0.6347683E-02
   934   0.6329264E-02
   935   0.6310897E-02
   936   0.6292584E-02
   937   0.6274322E-02
   938   0.6256113E-02
   939   0.6237956E-02
   940   0.6219851E-02
   941   0.6201798E-02
   942   0.6183796E-02
   943   0.6165846E-02
   944   0.6147948E-02
   945   0.6130101E-02
   946   0.6112304E-02
   947   0.6094559E-02
   948   0.6076865E-02
   949   0.6059221E-02
   950   0.6041628E-02
   951   0.6024086E-02
   952   0.6006593E-02
   953   0.5989151E-02
   954   0.5971759E-02
   955   0.5954417E-02
   956   0.5937124E-02
   957   0.5919881E-02
   958   0.5902688E-02
   959   0.5885544E-02
   960   0.5868449E-02
   961   0.5851403E-02
   962   0.5834406E-02
   963   0.5817458E-02
   964   0.5800558E-02
   965   0.5783707E-02
   966   0.5766905E-02
   967   0.5750150E-02
   968   0.5733444E-02
   969   0.5716786E-02
   970   0.5700175E-02
   971   0.5683613E-02
   972   0.5667098E-02
   973   0.5650630E-02
   974   0.5634210E-02
   975   0.5617836E-02
   976   0.5601510E-02
   977   0.5585231E-02
   978   0.5568999E-02
   979   0.5552813E-02
   980   0.5536674E-02
   981   0.5520581E-02
   982   0.5504535E-02
   983   0.5488535E-02
   984   0.5472580E-02
   985   0.5456672E-02
   986   0.5440809E-02
   987   0.5424992E-02
   988   0.5409221E-02
   989   0.5393495E-02
   990   0.5377814E-02
   991   0.5362178E-02
   992   0.5346588E-02
   993   0.5331042E-02
   994   0.5315541E-02
   995   0.5300085E-02
   996   0.5284673E-02
   997   0.5269305E-02
   998   0.5253982E-02
   999   0.5238703E-02
  1000   0.5223468E-02
  1001   0.5208277E-02
  1002   0.5193129E-02
  1003   0.5178025E-02
  1004   0.5162965E-02
  1005   0.5147948E-02
  1006   0.5132975E-02
  1007   0.5118044E-02
  1008   0.5103157E-02
  1009   0.5088312E-02
  1010   0.5073511E-02
  1011   0.5058752E-02
  1012   0.5044035E-02
  1013   0.5029361E-02
  1014   0.5014729E-02
  1015   0.5000140E-02
  1016   0.4985593E-02
  1017   0.4971087E-02
  1018   0.4956624E-02
  1019   0.4942202E-02
  1020   0.4927821E-02
  1021   0.4913483E-02
  1022   0.4899185E-02
  1023   0.4884929E-02
  1024   0.4870714E-02
  1025   0.4856540E-02
  1026   0.4842407E-02
  1027   0.4828315E-02
  1028   0.4814263E-02
  1029   0.4800252E-02
  1030   0.4786282E-02
  1031   0.4772351E-02
  1032   0.4758461E-02
  1033   0.4744611E-02
  1034   0.4730802E-02
  1035   0.4717032E-02
  1036   0.4703301E-02
  1037   0.4689611E-02
  1038   0.4675960E-02
  1039   0.4662348E-02
  1040   0.4648776E-02
  1041   0.4635243E-02
  1042   0.4621749E-02
  1043   0.4608294E-02
  1044   0.4594878E-02
  1045   0.4581501E-02
  1046   0.4568162E-02
  1047   0.4554862E-02
  1048   0.4541600E-02
  1049   0.4528377E-02
  1050   0.4515192E-02
  1051   0.4502045E-02
  1052   0.4488936E-02
  1053   0.4475865E-02
  1054   0.4462832E-02
  1055   0.4449836E-02
  1056   0.4436879E-02
  1057   0.4423958E-02
  1058   0.4411075E-02
  1059   0.4398229E-02
  1060   0.4385420E-02
  1061   0.4372649E-02
  1062   0.4359914E-02
  1063   0.4347216E-02
  1064   0.4334555E-02
  1065   0.4321931E-02
  1066   0.4309343E-02
  1067   0.4296791E-02
  1068   0.4284276E-02
  1069   0.4271797E-02
  1070   0.4259355E-02
  1071   0.4246948E-02
  1072   0.4234577E-02
  1073   0.4222242E-02
  1074   0.4209942E-02
  1075   0.4197679E-02
  1076   0.4185450E-02
  1077   0.4173258E-02
  1078   0.4161100E-02
  1079   0.4148978E-02
  1080   0.4136890E-02
  1081   0.4124838E-02
  1082   0.4112821E-02
  1083   0.4100838E-02
  1084   0.4088891E-02
  1085   0.4076977E-02
  1086   0.4065099E-02
  1087   0.4053254E-02
  1088   0.4041444E-02
  1089   0.4029669E-02
  1090   0.4017927E-02
  1091   0.4006219E-02
  1092   0.3994546E-02
  1093   0.3982906E-02
  1094   0.3971300E-02
  1095   0.3959727E-02
  1096   0.3948188E-02
  1097   0.3936683E-02
  1098   0.3925211E-02
  1099   0.3913772E-02
  1100   0.3902366E-02
  1101   0.3890993E-02
  1102   0.3879654E-02
  1103   0.3868347E-02
  1104   0.3857073E-02
  1105   0.3845831E-02
  1106   0.3834623E-02
  1107   0.3823446E-02
  1108   0.3812302E-02
  1109   0.3801191E-02
  1110   0.3790112E-02
  1111   0.3779064E-02
  1112   0.3768049E-02
  1113   0.3757066E-02
  1114   0.3746115E-02
  1115   0.3735195E-02
  1116   0.3724307E-02
  1117   0.3713451E-02
  1118   0.3702626E-02
  1119   0.3691832E-02
  1120   0.3681070E-02
  1121   0.3670339E-02
  1122   0.3659640E-02
  1123   0.3648971E-02
  1124   0.3638333E-02
  1125   0.3627726E-02
  1126   0.3617150E-02
  1127   0.3606605E-02
  1128   0.3596090E-02
  1129   0.3585605E-02
  1130   0.3575152E-02
  1131   0.3564728E-02
  1132   0.3554335E-02
  1133   0.3543972E-02
  1134   0.3533639E-02
  1135   0.3523335E-02
  1136   0.3513062E-02
  1137   0.3502819E-02
  1138   0.3492605E-02
  1139   0.3482422E-02
  1140   0.3472267E-02
  1141   0.3462142E-02
  1142   0.3452047E-02
  1143   0.3441981E-02
  1144   0.3431944E-02
  1145   0.3421936E-02
  1146   0.3411957E-02
  1147   0.3402007E-02
  1148   0.3392087E-02
  1149   0.3382195E-02
  1150   0.3372331E-02
  1151   0.3362497E-02
  1152   0.3352690E-02
  1153   0.3342913E-02
  1154   0.3333164E-02
  1155   0.3323443E-02
  1156   0.3313750E-02
  1157   0.3304086E-02
  1158   0.3294449E-02
  1159   0.3284841E-02
  1160   0.3275260E-02
  1161   0.3265707E-02
  1162   0.3256183E-02
  1163   0.3246685E-02
  1164   0.3237216E-02
  1165   0.3227773E-02
  1166   0.3218359E-02
  1167   0.3208971E-02
  1168   0.3199611E-02
  1169   0.3190278E-02
  1170   0.3180973E-02
  1171   0.3171694E-02
  1172   0.3162442E-02
  1173   0.3153217E-02
  1174   0.3144019E-02
  1175   0.3134848E-02
  1176   0.3125704E-02
  1177   0.3116585E-02
  1178   0.3107494E-02
  1179   0.3098429E-02
  1180   0.3089390E-02
  1181   0.3080378E-02
  1182   0.3071391E-02
  1183   0.3062431E-02
  1184   0.3053497E-02
  1185   0.3044589E-02
  1186   0.3035707E-02
  1187   0.3026850E-02
  1188   0.3018019E-02
  1189   0.3009214E-02
  1190   0.3000435E-02
  1191   0.2991681E-02
  1192   0.2982953E-02
  1193   0.2974250E-02
  1194   0.2965572E-02
  1195   0.2956920E-02
  1196   0.2948292E-02
  1197   0.2939690E-02
  1198   0.2931113E-02
  1199   0.2922561E-02
  1200   0.2914033E-02
  1201   0.2905531E-02
  1202   0.2897053E-02
  1203   0.2888600E-02
  1204   0.2880171E-02
  1205   0.2871767E-02
  1206   0.2863387E-02
  1207   0.2855032E-02
  1208   0.2846701E-02
  1209   0.2838395E-02
  1210   0.2830112E-02
  1211   0.2821854E-02
  1212   0.2813619E-02
  1213   0.2805409E-02
  1214   0.2797222E-02
  1215   0.2789059E-02
  1216   0.2780920E-02
  1217   0.2772805E-02
  1218   0.2764713E-02
  1219   0.2756645E-02
  1220   0.2748600E-02
  1221   0.2740579E-02
  1222   0.2732581E-02
  1223   0.2724607E-02
  1224   0.2716655E-02
  1225   0.2708727E-02
  1226   0.2700822E-02
  1227   0.2692939E-02
  1228   0.2685080E-02
  1229   0.2677244E-02
  1230   0.2669430E-02
  1231   0.2661639E-02
  1232   0.2653871E-02
  1233   0.2646125E-02
  1234   0.2638402E-02
  1235   0.2630702E-02
  1236   0.2623024E-02
  1237   0.2615368E-02
  1238   0.2607735E-02
  1239   0.2600123E-02
  1240   0.2592534E-02
  1241   0.2584967E-02
  1242   0.2577422E-02
  1243   0.2569899E-02
  1244   0.2562398E-02
  1245   0.2554919E-02
  1246   0.2547461E-02
  1247   0.2540025E-02
  1248   0.2532611E-02
  1249   0.2525219E-02
  1250   0.2517848E-02
  1251   0.2510498E-02
  1252   0.2503170E-02
  1253   0.2495863E-02
  1254   0.2488578E-02
  1255   0.2481313E-02
  1256   0.2474070E-02
  1257   0.2466848E-02
  1258   0.2459647E-02
  1259   0.2452467E-02
  1260   0.2445308E-02
  1261   0.2438169E-02
  1262   0.2431052E-02
  1263   0.2423955E-02
  1264   0.2416879E-02
  1265   0.2409823E-02
  1266   0.2402788E-02
  1267   0.2395774E-02
  1268   0.2388780E-02
  1269   0.2381806E-02
  1270   0.2374853E-02
  1271   0.2367920E-02
  1272   0.2361007E-02
  1273   0.2354114E-02
  1274   0.2347241E-02
  1275   0.2340389E-02
  1276   0.2333556E-02
  1277   0.2326743E-02
  1278   0.2319950E-02
  1279   0.2313177E-02
  1280   0.2306424E-02
  1281   0.2299690E-02
  1282   0.2292976E-02
  1283   0.2286281E-02
  1284   0.2279606E-02
  1285   0.2272950E-02
  1286   0.2266314E-02
  1287   0.2259697E-02
  1288   0.2253100E-02
  1289   0.2246521E-02
  1290   0.2239962E-02
  1291   0.2233422E-02
  1292   0.2226901E-02
  1293   0.2220399E-02
  1294   0.2213915E-02
  1295   0.2207451E-02
  1296   0.2201006E-02
  1297   0.2194579E-02
  1298   0.2188171E-02
  1299   0.2181782E-02
  1300   0.2175412E-02
  1301   0.2169060E-02
  1302   0.2162726E-02
  1303   0.2156411E-02
  1304   0.2150114E-02
  1305   0.2143836E-02
  1306   0.2137576E-02
  1307   0.2131334E-02
  1308   0.2125111E-02
  1309   0.2118905E-02
  1310   0.2112718E-02
  1311   0.2106549E-02
  1312   0.2100397E-02
  1313   0.2094264E-02
  1314   0.2088148E-02
  1315   0.2082051E-02
  1316   0.2075971E-02
  1317   0.2069909E-02
  1318   0.2063864E-02
  1319   0.2057837E-02
  1320   0.2051828E-02
  1321   0.2045836E-02
  1322   0.2039862E-02
  1323   0.2033905E-02
  1324   0.2027965E-02
  1325   0.2022043E-02
  1326   0.2016138E-02
  1327   0.2010250E-02
  1328   0.2004379E-02
  1329   0.1998526E-02
  1330   0.1992690E-02
  1331   0.1986870E-02
  1332   0.1981068E-02
  1333   0.1975282E-02
  1334   0.1969513E-02
  1335   0.1963762E-02
  1336   0.1958027E-02
  1337   0.1952308E-02
  1338   0.1946606E-02
  1339   0.1940921E-02
  1340   0.1935253E-02
  1341   0.1929601E-02
  1342   0.1923966E-02
  1343   0.1918346E-02
  1344   0.1912744E-02
  1345   0.1907157E-02
  1346   0.1901587E-02
  1347   0.1896034E-02
  1348   0.1890496E-02
  1349   0.1884975E-02
  1350   0.1879469E-02
  1351   0.1873980E-02
  1352   0.1868507E-02
  1353   0.1863049E-02
  1354   0.1857608E-02
  1355   0.1852182E-02
  1356   0.1846773E-02
  1357   0.1841379E-02
  1358   0.1836001E-02
  1359   0.1830638E-02
  1360   0.1825291E-02
  1361   0.1819960E-02
  1362   0.1814644E-02
  1363   0.1809344E-02
  1364   0.1804059E-02
  1365   0.1798790E-02
  1366   0.1793536E-02
  1367   0.1788297E-02
  1368   0.1783074E-02
  1369   0.1777865E-02
  1370   0.1772673E-02
  1371   0.1767495E-02
  1372   0.1762332E-02
  1373   0.1757184E-02
  1374   0.1752052E-02
  1375   0.1746934E-02
  1376   0.1741831E-02
  1377   0.1736743E-02
  1378   0.1731670E-02
  1379   0.1726612E-02
  1380   0.1721569E-02
  1381   0.1716540E-02
  1382   0.1711526E-02
  1383   0.1706526E-02
  1384   0.1701541E-02
  1385   0.1696571E-02
  1386   0.1691615E-02
  1387   0.1686674E-02
  1388   0.1681747E-02
  1389   0.1676834E-02
  1390   0.1671936E-02
  1391   0.1667052E-02
  1392   0.1662182E-02
  1393   0.1657327E-02
  1394   0.1652485E-02
  1395   0.1647658E-02
  1396   0.1642845E-02
  1397   0.1638046E-02
  1398   0.1633261E-02
  1399   0.1628490E-02
  1400   0.1623733E-02
  1401   0.1618989E-02
  1402   0.1614260E-02
  1403   0.1609544E-02
  1404   0.1604842E-02
  1405   0.1600154E-02
  1406   0.1595479E-02
  1407   0.1590818E-02
  1408   0.1586171E-02
  1409   0.1581537E-02
  1410   0.1576917E-02
  1411   0.1572310E-02
  1412   0.1567717E-02
  1413   0.1563137E-02
  1414   0.1558571E-02
  1415   0.1554017E-02
  1416   0.1549477E-02
  1417   0.1544951E-02
  1418   0.1540437E-02
  1419   0.1535937E-02
  1420   0.1531450E-02
  1421   0.1526976E-02
  1422   0.1522515E-02
  1423   0.1518067E-02
  1424   0.1513632E-02
  1425   0.1509210E-02
  1426   0.1504800E-02
  1427   0.1500404E-02
  1428   0.1496021E-02
  1429   0.1491650E-02
  1430   0.1487292E-02
  1431   0.1482947E-02
  1432   0.1478614E-02
  1433   0.1474294E-02
  1434   0.1469987E-02
  1435   0.1465692E-02
  1436   0.1461410E-02
  1437   0.1457141E-02
  1438   0.1452883E-02
  1439   0.1448639E-02
  1440   0.1444406E-02
  1441   0.1440186E-02
  1442   0.1435978E-02
  1443   0.1431783E-02
  1444   0.1427600E-02
  1445   0.1423429E-02
  1446   0.1419270E-02
  1447   0.1415123E-02
  1448   0.1410989E-02
  1449   0.1406866E-02
  1450   0.1402756E-02
  1451   0.1398657E-02
  1452   0.1394571E-02
  1453   0.1390496E-02
  1454   0.1386433E-02
  1455   0.1382382E-02
  1456   0.1378343E-02
  1457   0.1374316E-02
  1458   0.1370301E-02
  1459   0.1366297E-02
  1460   0.1362305E-02
  1461   0.1358324E-02
  1462   0.1354356E-02
  1463   0.1350398E-02
  1464   0.1346453E-02
  1465   0.1342519E-02
  1466   0.1338596E-02
  1467   0.1334685E-02
  1468   0.1330785E-02
  1469   0.1326896E-02
  1470   0.1323019E-02
  1471   0.1319154E-02
  1472   0.1315299E-02
  1473   0.1311456E-02
  1474   0.1307624E-02
  1475   0.1303803E-02
  1476   0.1299994E-02
  1477   0.1296195E-02
  1478   0.1292408E-02
  1479   0.1288631E-02
  1480   0.1284866E-02
  1481   0.1281111E-02
  1482   0.1277368E-02
  1483   0.1273636E-02
  1484   0.1269914E-02
  1485   0.1266203E-02
  1486   0.1262503E-02
  1487   0.1258814E-02
  1488   0.1255136E-02
  1489   0.1251468E-02
  1490   0.1247812E-02
  1491   0.1244165E-02
  1492   0.1240530E-02
  1493   0.1236905E-02
  1494   0.1233291E-02
  1495   0.1229687E-02
  1496   0.1226094E-02
  1497   0.1222511E-02
  1498   0.1218938E-02
  1499   0.1215377E-02
  1500   0.1211825E-02
  1501   0.1208284E-02
  1502   0.1204753E-02
  1503   0.1201233E-02
  1504   0.1197722E-02
  1505   0.1194223E-02
  1506   0.1190733E-02
  1507   0.1187253E-02
  1508   0.1183784E-02
  1509   0.1180325E-02
  1510   0.1176875E-02
  1511   0.1173436E-02
  1512   0.1170007E-02
  1513   0.1166588E-02
  1514   0.1163179E-02
  1515   0.1159780E-02
  1516   0.1156391E-02
  1517   0.1153012E-02
  1518   0.1149642E-02
  1519   0.1146283E-02
  1520   0.1142933E-02
  1521   0.1139593E-02
  1522   0.1136263E-02
  1523   0.1132942E-02
  1524   0.1129632E-02
  1525   0.1126330E-02
  1526   0.1123039E-02
  1527   0.1119757E-02
  1528   0.1116485E-02
  1529   0.1113222E-02
  1530   0.1109969E-02
  1531   0.1106725E-02
  1532   0.1103491E-02
  1533   0.1100266E-02
  1534   0.1097051E-02
  1535   0.1093845E-02
  1536   0.1090648E-02
  1537   0.1087461E-02
  1538   0.1084283E-02
  1539   0.1081114E-02
  1540   0.1077955E-02
  1541   0.1074804E-02
  1542   0.1071663E-02
  1543   0.1068532E-02
  1544   0.1065409E-02
  1545   0.1062295E-02
  1546   0.1059191E-02
  1547   0.1056095E-02
  1548   0.1053009E-02
  1549   0.1049932E-02
  1550   0.1046863E-02
  1551   0.1043804E-02
  1552   0.1040753E-02
  1553   0.1037712E-02
  1554   0.1034679E-02
  1555   0.1031655E-02
  1556   0.1028640E-02
  1557   0.1025634E-02
  1558   0.1022637E-02
  1559   0.1019648E-02
  1560   0.1016668E-02
  1561   0.1013697E-02
  1562   0.1010734E-02
  1563   0.1007780E-02
  1564   0.1004835E-02
  1565   0.1001898E-02
  1566   0.9989702E-03
  1567   0.9960506E-03
  1568   0.9931396E-03
  1569   0.9902371E-03
  1570   0.9873430E-03
  1571   0.9844575E-03
  1572   0.9815803E-03
  1573   0.9787115E-03
  1574   0.9758511E-03
  1575   0.9729991E-03
  1576   0.9701554E-03
  1577   0.9673200E-03
  1578   0.9644929E-03
  1579   0.9616741E-03
  1580   0.9588634E-03
  1581   0.9560610E-03
  1582   0.9532668E-03
  1583   0.9504807E-03
  1584   0.9477028E-03
  1585   0.9449330E-03
  1586   0.9421713E-03
  1587   0.9394176E-03
  1588   0.9366720E-03
  1589   0.9339344E-03
  1590   0.9312048E-03
  1591   0.9284832E-03
  1592   0.9257695E-03
  1593   0.9230638E-03
  1594   0.9203659E-03
  1595   0.9176760E-03
  1596   0.9149939E-03
  1597   0.9123196E-03
  1598   0.9096531E-03
  1599   0.9069945E-03
  1600   0.9043436E-03
  1601   0.9017004E-03
  1602   0.8990650E-03
  1603   0.8964372E-03
  1604   0.8938171E-03
  1605   0.8912047E-03
  1606   0.8885999E-03
  1607   0.8860028E-03
  1608   0.8834132E-03
  1609   0.8808312E-03
  1610   0.8782567E-03
  1611   0.8756897E-03
  1612   0.8731303E-03
  1613   0.8705783E-03
  1614   0.8680337E-03
  1615   0.8654966E-03
  1616   0.8629670E-03
  1617   0.8604447E-03
  1618   0.8579297E-03
  1619   0.8554221E-03
  1620   0.8529219E-03
  1621   0.8504289E-03
  1622   0.8479433E-03
  1623   0.8454649E-03
  1624   0.8429937E-03
  1625   0.8405297E-03
  1626   0.8380730E-03
  1627   0.8356234E-03
  1628   0.8331810E-03
  1629   0.8307457E-03
  1630   0.8283175E-03
  1631   0.8258965E-03
  1632   0.8234825E-03
  1633   0.8210755E-03
  1634   0.8186756E-03
  1635   0.8162827E-03
  1636   0.8138968E-03
  1637   0.8115178E-03
  1638   0.8091458E-03
  1639   0.8067807E-03
  1640   0.8044226E-03
  1641   0.8020713E-03
  1642   0.7997269E-03
  1643   0.7973894E-03
  1644   0.7950586E-03
  1645   0.7927347E-03
  1646   0.7904176E-03
  1647   0.7881072E-03
  1648   0.7858036E-03
  1649   0.7835068E-03
  1650   0.7812166E-03
  1651   0.7789331E-03
  1652   0.7766563E-03
  1653   0.7743862E-03
  1654   0.7721227E-03
  1655   0.7698658E-03
  1656   0.7676154E-03
  1657   0.7653717E-03
  1658   0.7631345E-03
  1659   0.7609039E-03
  1660   0.7586797E-03
  1661   0.7564621E-03
  1662   0.7542510E-03
  1663   0.7520463E-03
  1664   0.7498480E-03
  1665   0.7476562E-03
  1666   0.7454708E-03
  1667   0.7432917E-03
  1668   0.7411191E-03
  1669   0.7389527E-03
  1670   0.7367927E-03
  1671   0.7346391E-03
  1672   0.7324917E-03
  1673   0.7303505E-03
  1674   0.7282157E-03
  1675   0.7260871E-03
  1676   0.7239647E-03
  1677   0.7218485E-03
  1678   0.7197384E-03
  1679   0.7176346E-03
  1680   0.7155369E-03
  1681   0.7134453E-03
  1682   0.7113598E-03
  1683   0.7092804E-03
  1684   0.7072071E-03
  1685   0.7051399E-03
  1686   0.7030787E-03
  1687   0.7010235E-03
  1688   0.6989743E-03
  1689   0.6969312E-03
  1690   0.6948939E-03
  1691   0.6928627E-03
  1692   0.6908373E-03
  1693   0.6888179E-03
  1694   0.6868044E-03
  1695   0.6847968E-03
  1696   0.6827950E-03
  1697   0.6807991E-03
  1698   0.6788090E-03
  1699   0.6768248E-03
  1700   0.6748463E-03
  1701   0.6728736E-03
  1702   0.6709067E-03
  1703   0.6689455E-03
  1704   0.6669901E-03
  1705   0.6650403E-03
  1706   0.6630963E-03
  1707   0.6611580E-03
  1708   0.6592253E-03
  1709   0.6572982E-03
  1710   0.6553768E-03
  1711   0.6534610E-03
  1712   0.6515508E-03
  1713   0.6496462E-03
  1714   0.6477471E-03
  1715   0.6458536E-03
  1716   0.6439657E-03
  1717   0.6420832E-03
  1718   0.6402063E-03
  1719   0.6383348E-03
  1720   0.6364688E-03
  1721   0.6346082E-03
  1722   0.6327531E-03
  1723   0.6309034E-03
  1724   0.6290592E-03
  1725   0.6272203E-03
  1726   0.6253867E-03
  1727   0.6235586E-03
  1728   0.6217357E-03
  1729   0.6199183E-03
  1730   0.6181061E-03
  1731   0.6162992E-03
  1732   0.6144976E-03
  1733   0.6127012E-03
  1734   0.6109101E-03
  1735   0.6091243E-03
  1736   0.6073436E-03
  1737   0.6055682E-03
  1738   0.6037979E-03
  1739   0.6020329E-03
  1740   0.6002729E-03
  1741   0.5985182E-03
  1742   0.5967685E-03
  1743   0.5950240E-03
  1744   0.5932845E-03
  1745   0.5915502E-03
  1746   0.5898209E-03
  1747   0.5880967E-03
  1748   0.5863775E-03
  1749   0.5846633E-03
  1750   0.5829541E-03
  1751   0.5812500E-03
  1752   0.5795508E-03
  1753   0.5778565E-03
  1754   0.5761673E-03
  1755   0.5744829E-03
  1756   0.5728035E-03
  1757   0.5711290E-03
  1758   0.5694594E-03
  1759   0.5677947E-03
  1760   0.5661348E-03
  1761   0.5644798E-03
  1762   0.5628296E-03
  1763   0.5611843E-03
  1764   0.5595437E-03
  1765   0.5579080E-03
  1766   0.5562770E-03
  1767   0.5546508E-03
  1768   0.5530293E-03
  1769   0.5514126E-03
  1770   0.5498006E-03
  1771   0.5481933E-03
  1772   0.5465907E-03
  1773   0.5449928E-03
  1774   0.5433996E-03
  1775   0.5418110E-03
  1776   0.5402271E-03
  1777   0.5386478E-03
  1778   0.5370731E-03
  1779   0.5355030E-03
  1780   0.5339375E-03
  1781   0.5323766E-03
  1782   0.5308202E-03
  1783   0.5292684E-03
  1784   0.5277212E-03
  1785   0.5261784E-03
  1786   0.5246402E-03
  1787   0.5231064E-03
  1788   0.5215771E-03
  1789   0.5200523E-03
  1790   0.5185320E-03
  1791   0.5170161E-03
  1792   0.5155046E-03
  1793   0.5139976E-03
  1794   0.5124949E-03
  1795   0.5109967E-03
  1796   0.5095028E-03
  1797   0.5080133E-03
  1798   0.5065281E-03
  1799   0.5050473E-03
  1800   0.5035708E-03
  1801   0.5020986E-03
  1802   0.5006308E-03
  1803   0.4991672E-03
  1804   0.4977079E-03
  1805   0.4962528E-03
  1806   0.4948021E-03
  1807   0.4933555E-03
  1808   0.4919132E-03
  1809   0.4904751E-03
  1810   0.4890412E-03
  1811   0.4876115E-03
  1812   0.4861859E-03
  1813   0.4847646E-03
  1814   0.4833474E-03
  1815   0.4819343E-03
  1816   0.4805253E-03
  1817   0.4791205E-03
  1818   0.4777198E-03
  1819   0.4763232E-03
  1820   0.4749306E-03
  1821   0.4735422E-03
  1822   0.4721578E-03
  1823   0.4707774E-03
  1824   0.4694011E-03
  1825   0.4680288E-03
  1826   0.4666605E-03
  1827   0.4652962E-03
  1828   0.4639358E-03
  1829   0.4625795E-03
  1830   0.4612271E-03
  1831   0.4598787E-03
  1832   0.4585342E-03
  1833   0.4571937E-03
  1834   0.4558571E-03
  1835   0.4545243E-03
  1836   0.4531955E-03
  1837   0.4518706E-03
  1838   0.4505495E-03
  1839   0.4492323E-03
  1840   0.4479189E-03
  1841   0.4466094E-03
  1842   0.4453037E-03
  1843   0.4440018E-03
  1844   0.4427038E-03
  1845   0.4414095E-03
  1846   0.4401190E-03
  1847   0.4388323E-03
  1848   0.4375493E-03
  1849   0.4362701E-03
  1850   0.4349946E-03
  1851   0.4337229E-03
  1852   0.4324548E-03
  1853   0.4311905E-03
  1854   0.4299299E-03
  1855   0.4286729E-03
  1856   0.4274197E-03
  1857   0.4261701E-03
  1858   0.4249241E-03
  1859   0.4236818E-03
  1860   0.4224431E-03
  1861   0.4212080E-03
  1862   0.4199766E-03
  1863   0.4187487E-03
  1864   0.4175245E-03
  1865   0.4163038E-03
  1866   0.4150867E-03
  1867   0.4138731E-03
  1868   0.4126631E-03
  1869   0.4114566E-03
  1870   0.4102537E-03
  1871   0.4090542E-03
  1872   0.4078583E-03
  1873   0.4066659E-03
  1874   0.4054769E-03
  1875   0.4042915E-03
  1876   0.4031095E-03
  1877   0.4019309E-03
  1878   0.4007558E-03
  1879   0.3995841E-03
  1880   0.3984159E-03
  1881   0.3972511E-03
  1882   0.3960896E-03
  1883   0.3949316E-03
  1884   0.3937770E-03
  1885   0.3926257E-03
  1886   0.3914778E-03
  1887   0.3903332E-03
  1888   0.3891920E-03
  1889   0.3880541E-03
  1890   0.3869196E-03
  1891   0.3857884E-03
  1892   0.3846605E-03
  1893   0.3835358E-03
  1894   0.3824145E-03
  1895   0.3812964E-03
  1896   0.3801816E-03
  1897   0.3790701E-03
  1898   0.3779618E-03
  1899   0.3768568E-03
  1900   0.3757550E-03
  1901   0.3746564E-03
  1902   0.3735610E-03
  1903   0.3724688E-03
  1904   0.3713798E-03
  1905   0.3702940E-03
  1906   0.3692114E-03
  1907   0.3681319E-03
  1908   0.3670556E-03
  1909   0.3659824E-03
  1910   0.3649124E-03
  1911   0.3638455E-03
  1912   0.3627817E-03
  1913   0.3617211E-03
  1914   0.3606635E-03
  1915   0.3596090E-03
  1916   0.3585576E-03
  1917   0.3575093E-03
  1918   0.3564640E-03
  1919   0.3554218E-03
  1920   0.3543826E-03
  1921   0.3533465E-03
  1922   0.3523134E-03
  1923   0.3512834E-03
  1924   0.3502563E-03
  1925   0.3492322E-03
  1926   0.3482112E-03
  1927   0.3471931E-03
  1928   0.3461780E-03
  1929   0.3451659E-03
  1930   0.3441567E-03
  1931   0.3431504E-03
  1932   0.3421472E-03
  1933   0.3411468E-03
  1934   0.3401494E-03
  1935   0.3391549E-03
  1936   0.3381632E-03
  1937   0.3371745E-03
  1938   0.3361887E-03
  1939   0.3352058E-03
  1940   0.3342257E-03
  1941   0.3332485E-03
  1942   0.3322742E-03
  1943   0.3313027E-03
  1944   0.3303340E-03
  1945   0.3293682E-03
  1946   0.3284052E-03
  1947   0.3274450E-03
  1948   0.3264876E-03
  1949   0.3255331E-03
  1950   0.3245813E-03
  1951   0.3236323E-03
  1952   0.3226860E-03
  1953   0.3217426E-03
  1954   0.3208018E-03
  1955   0.3198639E-03
  1956   0.3189287E-03
  1957   0.3179962E-03
  1958   0.3170664E-03
  1959   0.3161394E-03
  1960   0.3152151E-03
  1961   0.3142934E-03
  1962   0.3133745E-03
  1963   0.3124583E-03
  1964   0.3115447E-03
  1965   0.3106338E-03
  1966   0.3097256E-03
  1967   0.3088200E-03
  1968   0.3079170E-03
  1969   0.3070167E-03
  1970   0.3061191E-03
  1971   0.3052240E-03
  1972   0.3043316E-03
  1973   0.3034418E-03
  1974   0.3025546E-03
  1975   0.3016700E-03
  1976   0.3007880E-03
  1977   0.2999085E-03
  1978   0.2990316E-03
  1979   0.2981573E-03
  1980   0.2972855E-03
  1981   0.2964163E-03
  1982   0.2955496E-03
  1983   0.2946855E-03
  1984   0.2938239E-03
  1985   0.2929648E-03
  1986   0.2921082E-03
  1987   0.2912541E-03
  1988   0.2904025E-03
  1989   0.2895535E-03
  1990   0.2887068E-03
  1991   0.2878627E-03
  1992   0.2870210E-03
  1993   0.2861818E-03
  1994   0.2853451E-03
  1995   0.2845108E-03
  1996   0.2836789E-03
  1997   0.2828495E-03
  1998   0.2820224E-03
  1999   0.2811979E-03
  2000   0.2803757E-03
  2001   0.2795559E-03
  2002   0.2787385E-03
  2003   0.2779235E-03
  2004   0.2771109E-03
  2005   0.2763007E-03
  2006   0.2754928E-03
  2007   0.2746873E-03
  2008   0.2738841E-03
  2009   0.2730833E-03
  2010   0.2722849E-03
  2011   0.2714887E-03
  2012   0.2706949E-03
  2013   0.2699034E-03
  2014   0.2691143E-03
  2015   0.2683274E-03
  2016   0.2675429E-03
  2017   0.2667606E-03
  2018   0.2659806E-03
  2019   0.2652029E-03
  2020   0.2644275E-03
  2021   0.2636543E-03
  2022   0.2628834E-03
  2023   0.2621148E-03
  2024   0.2613484E-03
  2025   0.2605842E-03
  2026   0.2598223E-03
  2027   0.2590626E-03
  2028   0.2583051E-03
  2029   0.2575499E-03
  2030   0.2567968E-03
  2031   0.2560460E-03
  2032   0.2552973E-03
  2033   0.2545509E-03
  2034   0.2538066E-03
  2035   0.2530645E-03
  2036   0.2523245E-03
  2037   0.2515867E-03
  2038   0.2508511E-03
  2039   0.2501177E-03
  2040   0.2493863E-03
  2041   0.2486571E-03
  2042   0.2479301E-03
  2043   0.2472052E-03
  2044   0.2464823E-03
  2045   0.2457616E-03
  2046   0.2450431E-03
  2047   0.2443266E-03
  2048   0.2436122E-03
  2049   0.2428999E-03
  2050   0.2421896E-03
  2051   0.2414815E-03
  2052   0.2407754E-03
  2053   0.2400714E-03
  2054   0.2393695E-03
  2055   0.2386695E-03
  2056   0.2379717E-03
  2057   0.2372759E-03
  2058   0.2365821E-03
  2059   0.2358903E-03
  2060   0.2352006E-03
  2061   0.2345129E-03
  2062   0.2338272E-03
  2063   0.2331435E-03
  2064   0.2324618E-03
  2065   0.2317821E-03
  2066   0.2311044E-03
  2067   0.2304286E-03
  2068   0.2297549E-03
  2069   0.2290831E-03
  2070   0.2284132E-03
  2071   0.2277454E-03
  2072   0.2270794E-03
  2073   0.2264155E-03
  2074   0.2257534E-03
  2075   0.2250933E-03
  2076   0.2244352E-03
  2077   0.2237789E-03
  2078   0.2231246E-03
  2079   0.2224722E-03
  2080   0.2218217E-03
  2081   0.2211731E-03
  2082   0.2205264E-03
  2083   0.2198816E-03
  2084   0.2192387E-03
  2085   0.2185976E-03
  2086   0.2179584E-03
  2087   0.2173211E-03
  2088   0.2166857E-03
  2089   0.2160521E-03
  2090   0.2154204E-03
  2091   0.2147905E-03
  2092   0.2141624E-03
  2093   0.2135362E-03
  2094   0.2129118E-03
  2095   0.2122893E-03
  2096   0.2116686E-03
  2097   0.2110496E-03
  2098   0.2104325E-03
  2099   0.2098172E-03
  2100   0.2092037E-03
  2101   0.2085920E-03
  2102   0.2079821E-03
  2103   0.2073739E-03
  2104   0.2067676E-03
  2105   0.2061630E-03
  2106   0.2055602E-03
  2107   0.2049591E-03
  2108   0.2043598E-03
  2109   0.2037623E-03
  2110   0.2031665E-03
  2111   0.2025724E-03
  2112   0.2019801E-03
  2113   0.2013895E-03
  2114   0.2008006E-03
  2115   0.2002135E-03
  2116   0.1996280E-03
  2117   0.1990443E-03
  2118   0.1984623E-03
  2119   0.1978820E-03
  2120   0.1973034E-03
  2121   0.1967265E-03
  2122   0.1961513E-03
  2123   0.1955777E-03
  2124   0.1950058E-03
  2125   0.1944356E-03
  2126   0.1938671E-03
  2127   0.1933002E-03
  2128   0.1927350E-03
  2129   0.1921714E-03
  2130   0.1916095E-03
  2131   0.1910493E-03
  2132   0.1904906E-03
  2133   0.1899336E-03
  2134   0.1893782E-03
  2135   0.1888245E-03
  2136   0.1882724E-03
  2137   0.1877219E-03
  2138   0.1871729E-03
  2139   0.1866256E-03
  2140   0.1860799E-03
  2141   0.1855358E-03
  2142   0.1849933E-03
  2143   0.1844524E-03
  2144   0.1839130E-03
  2145   0.1833753E-03
  2146   0.1828391E-03
  2147   0.1823044E-03
  2148   0.1817714E-03
  2149   0.1812399E-03
  2150   0.1807099E-03
  2151   0.1801815E-03
  2152   0.1796547E-03
  2153   0.1791293E-03
  2154   0.1786055E-03
  2155   0.1780833E-03
  2156   0.1775626E-03
  2157   0.1770434E-03
  2158   0.1765257E-03
  2159   0.1760095E-03
  2160   0.1754948E-03
  2161   0.1749817E-03
  2162   0.1744700E-03
  2163   0.1739599E-03
  2164   0.1734512E-03
  2165   0.1729440E-03
  2166   0.1724383E-03
  2167   0.1719341E-03
  2168   0.1714313E-03
  2169   0.1709301E-03
  2170   0.1704303E-03
  2171   0.1699319E-03
  2172   0.1694350E-03
  2173   0.1689396E-03
  2174   0.1684456E-03
  2175   0.1679530E-03
  2176   0.1674619E-03
  2177   0.1669723E-03
  2178   0.1664840E-03
  2179   0.1659972E-03
  2180   0.1655118E-03
  2181   0.1650278E-03
  2182   0.1645453E-03
  2183   0.1640641E-03
  2184   0.1635844E-03
  2185   0.1631061E-03
  2186   0.1626291E-03
  2187   0.1621536E-03
  2188   0.1616794E-03
  2189   0.1612067E-03
  2190   0.1607353E-03
  2191   0.1602653E-03
  2192   0.1597967E-03
  2193   0.1593294E-03
  2194   0.1588635E-03
  2195   0.1583990E-03
  2196   0.1579358E-03
  2197   0.1574740E-03
  2198   0.1570135E-03
  2199   0.1565544E-03
  2200   0.1560966E-03
  2201   0.1556402E-03
  2202   0.1551851E-03
  2203   0.1547313E-03
  2204   0.1542788E-03
  2205   0.1538277E-03
  2206   0.1533779E-03
  2207   0.1529294E-03
  2208   0.1524822E-03
  2209   0.1520363E-03
  2210   0.1515918E-03
  2211   0.1511485E-03
  2212   0.1507065E-03
  2213   0.1502658E-03
  2214   0.1498265E-03
  2215   0.1493883E-03
  2216   0.1489515E-03
  2217   0.1485160E-03
  2218   0.1480817E-03
  2219   0.1476487E-03
  2220   0.1472169E-03
  2221   0.1467865E-03
  2222   0.1463572E-03
  2223   0.1459293E-03
  2224   0.1455026E-03
  2225   0.1450771E-03
  2226   0.1446529E-03
  2227   0.1442299E-03
  2228   0.1438081E-03
  2229   0.1433876E-03
  2230   0.1429683E-03
  2231   0.1425503E-03
  2232   0.1421334E-03
  2233   0.1417178E-03
  2234   0.1413034E-03
  2235   0.1408902E-03
  2236   0.1404783E-03
  2237   0.1400675E-03
  2238   0.1396579E-03
  2239   0.1392495E-03
  2240   0.1388423E-03
  2241   0.1384364E-03
  2242   0.1380315E-03
  2243   0.1376279E-03
  2244   0.1372255E-03
  2245   0.1368242E-03
  2246   0.1364241E-03
  2247   0.1360252E-03
  2248   0.1356274E-03
  2249   0.1352308E-03
  2250   0.1348354E-03
  2251   0.1344411E-03
  2252   0.1340480E-03
  2253   0.1336560E-03
  2254   0.1332652E-03
  2255   0.1328755E-03
  2256   0.1324870E-03
  2257   0.1320996E-03
  2258   0.1317133E-03
  2259   0.1313281E-03
  2260   0.1309441E-03
  2261   0.1305612E-03
  2262   0.1301794E-03
  2263   0.1297988E-03
  2264   0.1294192E-03
  2265   0.1290408E-03
  2266   0.1286634E-03
  2267   0.1282872E-03
  2268   0.1279121E-03
  2269   0.1275380E-03
  2270   0.1271651E-03
  2271   0.1267932E-03
  2272   0.1264225E-03
  2273   0.1260528E-03
  2274   0.1256842E-03
  2275   0.1253167E-03
  2276   0.1249502E-03
  2277   0.1245849E-03
  2278   0.1242206E-03
  2279   0.1238573E-03
  2280   0.1234951E-03
  2281   0.1231340E-03
  2282   0.1227740E-03
  2283   0.1224149E-03
  2284   0.1220570E-03
  2285   0.1217001E-03
  2286   0.1213442E-03
  2287   0.1209894E-03
  2288   0.1206356E-03
  2289   0.1202828E-03
  2290   0.1199311E-03
  2291   0.1195804E-03
  2292   0.1192307E-03
  2293   0.1188821E-03
  2294   0.1185344E-03
  2295   0.1181878E-03
  2296   0.1178422E-03
  2297   0.1174976E-03
  2298   0.1171540E-03
  2299   0.1168115E-03
  2300   0.1164699E-03
  2301   0.1161293E-03
  2302   0.1157897E-03
  2303   0.1154511E-03
  2304   0.1151135E-03
  2305   0.1147769E-03
  2306   0.1144413E-03
  2307   0.1141066E-03
  2308   0.1137730E-03
  2309   0.1134403E-03
  2310   0.1131086E-03
  2311   0.1127778E-03
  2312   0.1124480E-03
  2313   0.1121192E-03
  2314   0.1117913E-03
  2315   0.1114644E-03
  2316   0.1111385E-03
  2317   0.1108135E-03
  2318   0.1104895E-03
  2319   0.1101664E-03
  2320   0.1098442E-03
  2321   0.1095230E-03
  2322   0.1092028E-03
  2323   0.1088834E-03
  2324   0.1085650E-03
  2325   0.1082476E-03
  2326   0.1079310E-03
  2327   0.1076154E-03
  2328   0.1073007E-03
  2329   0.1069870E-03
  2330   0.1066741E-03
  2331   0.1063622E-03
  2332   0.1060511E-03
  2333   0.1057410E-03
  2334   0.1054318E-03
  2335   0.1051235E-03
  2336   0.1048161E-03
  2337   0.1045096E-03
  2338   0.1042040E-03
  2339   0.1038993E-03
  2340   0.1035955E-03
  2341   0.1032925E-03
  2342   0.1029905E-03
  2343   0.1026893E-03
  2344   0.1023890E-03
  2345   0.1020896E-03
  2346   0.1017911E-03
  2347   0.1014934E-03
  2348   0.1011966E-03
  2349   0.1009007E-03
  2350   0.1006057E-03
  2351   0.1003115E-03
  2352   0.1000181E-03
  2353   0.9972567E-04
  2354   0.9943406E-04
  2355   0.9914329E-04
  2356   0.9885337E-04
  2357   0.9856430E-04
  2358   0.9827608E-04
  2359   0.9798870E-04
  2360   0.9770216E-04
  2361   0.9741646E-04
  2362   0.9713159E-04
  2363   0.9684756E-04
  2364   0.9656435E-04
  2365   0.9628198E-04
  2366   0.9600043E-04
  2367   0.9571970E-04
  2368   0.9543979E-04
  2369   0.9516071E-04
  2370   0.9488244E-04
  2371   0.9460498E-04
  2372   0.9432833E-04
  2373   0.9405249E-04
  2374   0.9377746E-04
  2375   0.9350324E-04
  2376   0.9322981E-04
  2377   0.9295719E-04
  2378   0.9268536E-04
  2379   0.9241432E-04
  2380   0.9214408E-04
  2381   0.9187463E-04
  2382   0.9160597E-04
  2383   0.9133809E-04
  2384   0.9107100E-04
  2385   0.9080469E-04
  2386   0.9053915E-04
  2387   0.9027440E-04
  2388   0.9001041E-04
  2389   0.8974720E-04
  2390   0.8948476E-04
  2391   0.8922308E-04
  2392   0.8896217E-04
  2393   0.8870203E-04
  2394   0.8844264E-04
  2395   0.8818401E-04
  2396   0.8792614E-04
  2397   0.8766903E-04
  2398   0.8741266E-04
  2399   0.8715704E-04
  2400   0.8690218E-04
  2401   0.8664805E-04
  2402   0.8639467E-04
  2403   0.8614203E-04
  2404   0.8589013E-04
  2405   0.8563897E-04
  2406   0.8538854E-04
  2407   0.8513884E-04
  2408   0.8488988E-04
  2409   0.8464164E-04
  2410   0.8439412E-04
  2411   0.8414733E-04
  2412   0.8390127E-04
  2413   0.8365592E-04
  2414   0.8341129E-04
  2415   0.8316737E-04
  2416   0.8292417E-04
  2417   0.8268168E-04
  2418   0.8243990E-04
  2419   0.8219882E-04
  2420   0.8195845E-04
  2421   0.8171878E-04
  2422   0.8147982E-04
  2423   0.8124155E-04
  2424   0.8100398E-04
  2425   0.8076710E-04
  2426   0.8053092E-04
  2427   0.8029543E-04
  2428   0.8006062E-04
  2429   0.7982650E-04
  2430   0.7959307E-04
  2431   0.7936032E-04
  2432   0.7912825E-04
  2433   0.7889686E-04
  2434   0.7866614E-04
  2435   0.7843610E-04
  2436   0.7820673E-04
  2437   0.7797804E-04
  2438   0.7775001E-04
  2439   0.7752265E-04
  2440   0.7729595E-04
  2441   0.7706992E-04
  2442   0.7684454E-04
  2443   0.7661983E-04
  2444   0.7639577E-04
  2445   0.7617237E-04
  2446   0.7594962E-04
  2447   0.7572753E-04
  2448   0.7550608E-04
  2449   0.7528528E-04
  2450   0.7506512E-04
  2451   0.7484561E-04
  2452   0.7462674E-04
  2453   0.7440852E-04
  2454   0.7419093E-04
  2455   0.7397397E-04
  2456   0.7375765E-04
  2457   0.7354196E-04
  2458   0.7332691E-04
  2459   0.7311248E-04
  2460   0.7289868E-04
  2461   0.7268550E-04
  2462   0.7247295E-04
  2463   0.7226102E-04
  2464   0.7204971E-04
  2465   0.7183901E-04
  2466   0.7162894E-04
  2467   0.7141947E-04
  2468   0.7121062E-04
  2469   0.7100238E-04
  2470   0.7079475E-04
  2471   0.7058773E-04
  2472   0.7038131E-04
  2473   0.7017550E-04
  2474   0.6997028E-04
  2475   0.6976567E-04
  2476   0.6956166E-04
  2477   0.6935824E-04
  2478   0.6915542E-04
  2479   0.6895319E-04
  2480   0.6875155E-04
  2481   0.6855050E-04
  2482   0.6835004E-04
  2483   0.6815016E-04
  2484   0.6795087E-04
  2485   0.6775216E-04
  2486   0.6755404E-04
  2487   0.6735649E-04
  2488   0.6715952E-04
  2489   0.6696313E-04
  2490   0.6676731E-04
  2491   0.6657206E-04
  2492   0.6637738E-04
  2493   0.6618328E-04
  2494   0.6598974E-04
  2495   0.6579676E-04
  2496   0.6560436E-04
  2497   0.6541251E-04
  2498   0.6522122E-04
  2499   0.6503050E-04
  2500   0.6484033E-04
  2501   0.6465072E-04
  2502   0.6446166E-04
  2503   0.6427315E-04
  2504   0.6408520E-04
  2505   0.6389780E-04
  2506   0.6371094E-04
  2507   0.6352463E-04
  2508   0.6333887E-04
  2509   0.6315364E-04
  2510   0.6296896E-04
  2511   0.6278482E-04
  2512   0.6260122E-04
  2513   0.6241816E-04
  2514   0.6223563E-04
  2515   0.6205363E-04
  2516   0.6187217E-04
  2517   0.6169124E-04
  2518   0.6151083E-04
  2519   0.6133096E-04
  2520   0.6115161E-04
  2521   0.6097278E-04
  2522   0.6079448E-04
  2523   0.6061670E-04
  2524   0.6043943E-04
  2525   0.6026269E-04
  2526   0.6008646E-04
  2527   0.5991075E-04
  2528   0.5973556E-04
  2529   0.5956087E-04
  2530   0.5938670E-04
  2531   0.5921303E-04
  2532   0.5903988E-04
  2533   0.5886722E-04
  2534   0.5869508E-04
  2535   0.5852344E-04
  2536   0.5835230E-04
  2537   0.5818166E-04
  2538   0.5801151E-04
  2539   0.5784187E-04
  2540   0.5767272E-04
  2541   0.5750407E-04
  2542   0.5733591E-04
  2543   0.5716824E-04
  2544   0.5700106E-04
  2545   0.5683438E-04
  2546   0.5666817E-04
  2547   0.5650246E-04
  2548   0.5633723E-04
  2549   0.5617248E-04
  2550   0.5600821E-04
  2551   0.5584443E-04
  2552   0.5568112E-04
  2553   0.5551829E-04
  2554   0.5535594E-04
  2555   0.5519406E-04
  2556   0.5503266E-04
  2557   0.5487172E-04
  2558   0.5471126E-04
  2559   0.5455127E-04
  2560   0.5439174E-04
  2561   0.5423268E-04
  2562   0.5407409E-04
  2563   0.5391596E-04
  2564   0.5375829E-04
  2565   0.5360109E-04
  2566   0.5344434E-04
  2567   0.5328805E-04
  2568   0.5313222E-04
  2569   0.5297684E-04
  2570   0.5282192E-04
  2571   0.5266745E-04
  2572   0.5251344E-04
  2573   0.5235987E-04
  2574   0.5220675E-04
  2575   0.5205408E-04
  2576   0.5190186E-04
  2577   0.5175008E-04
  2578   0.5159875E-04
  2579   0.5144786E-04
  2580   0.5129741E-04
  2581   0.5114740E-04
  2582   0.5099782E-04
  2583   0.5084869E-04
  2584   0.5069999E-04
  2585   0.5055173E-04
  2586   0.5040390E-04
  2587   0.5025650E-04
  2588   0.5010953E-04
  2589   0.4996300E-04
  2590   0.4981689E-04
  2591   0.4967121E-04
  2592   0.4952595E-04
  2593   0.4938112E-04
  2594   0.4923672E-04
  2595   0.4909273E-04
  2596   0.4894917E-04
  2597   0.4880602E-04
  2598   0.4866330E-04
  2599   0.4852099E-04
  2600   0.4837910E-04
  2601   0.4823762E-04
  2602   0.4809656E-04
  2603   0.4795591E-04
  2604   0.4781567E-04
  2605   0.4767584E-04
  2606   0.4753642E-04
  2607   0.4739741E-04
  2608   0.4725880E-04
  2609   0.4712060E-04
  2610   0.4698280E-04
  2611   0.4684541E-04
  2612   0.4670842E-04
  2613   0.4657183E-04
  2614   0.4643564E-04
  2615   0.4629984E-04
  2616   0.4616445E-04
  2617   0.4602945E-04
  2618   0.4589484E-04
  2619   0.4576063E-04
  2620   0.4562681E-04
  2621   0.4549338E-04
  2622   0.4536034E-04
  2623   0.4522769E-04
  2624   0.4509543E-04
  2625   0.4496356E-04
  2626   0.4483207E-04
  2627   0.4470096E-04
  2628   0.4457024E-04
  2629   0.4443990E-04
  2630   0.4430995E-04
  2631   0.4418037E-04
  2632   0.4405117E-04
  2633   0.4392235E-04
  2634   0.4379390E-04
  2635   0.4366584E-04
  2636   0.4353814E-04
  2637   0.4341082E-04
  2638   0.4328387E-04
  2639   0.4315730E-04
  2640   0.4303109E-04
  2641   0.4290525E-04
  2642   0.4277978E-04
  2643   0.4265468E-04
  2644   0.4252994E-04
  2645   0.4240557E-04
  2646   0.4228156E-04
  2647   0.4215791E-04
  2648   0.4203463E-04
  2649   0.4191170E-04
  2650   0.4178914E-04
  2651   0.4166693E-04
  2652   0.4154508E-04
  2653   0.4142359E-04
  2654   0.4130246E-04
  2655   0.4118167E-04
  2656   0.4106124E-04
  2657   0.4094116E-04
  2658   0.4082144E-04
  2659   0.4070206E-04
  2660   0.4058303E-04
  2661   0.4046436E-04
  2662   0.4034602E-04
  2663   0.4022804E-04
  2664   0.4011040E-04
  2665   0.3999310E-04
  2666   0.3987614E-04
  2667   0.3975953E-04
  2668   0.3964326E-04
  2669   0.3952733E-04
  2670   0.3941174E-04
  2671   0.3929648E-04
  2672   0.3918157E-04
  2673   0.3906699E-04
  2674   0.3895274E-04
  2675   0.3883883E-04
  2676   0.3872525E-04
  2677   0.3861200E-04
  2678   0.3849909E-04
  2679   0.3838650E-04
  2680   0.3827425E-04
  2681   0.3816232E-04
  2682   0.3805072E-04
  2683   0.3793944E-04
  2684   0.3782850E-04
  2685   0.3771787E-04
  2686   0.3760757E-04
  2687   0.3749759E-04
  2688   0.3738794E-04
  2689   0.3727860E-04
  2690   0.3716958E-04
  2691   0.3706089E-04
  2692   0.3695251E-04
  2693   0.3684444E-04
  2694   0.3673670E-04
  2695   0.3662927E-04
  2696   0.3652215E-04
  2697   0.3641534E-04
  2698   0.3630885E-04
  2699   0.3620267E-04
  2700   0.3609680E-04
  2701   0.3599124E-04
  2702   0.3588599E-04
  2703   0.3578105E-04
  2704   0.3567641E-04
  2705   0.3557208E-04
  2706   0.3546805E-04
  2707   0.3536433E-04
  2708   0.3526091E-04
  2709   0.3515780E-04
  2710   0.3505498E-04
  2711   0.3495247E-04
  2712   0.3485025E-04
  2713   0.3474834E-04
  2714   0.3464672E-04
  2715   0.3454540E-04
  2716   0.3444438E-04
  2717   0.3434365E-04
  2718   0.3424322E-04
  2719   0.3414308E-04
  2720   0.3404323E-04
  2721   0.3394367E-04
  2722   0.3384441E-04
  2723   0.3374544E-04
  2724   0.3364675E-04
  2725   0.3354836E-04
  2726   0.3345025E-04
  2727   0.3335243E-04
  2728   0.3325489E-04
  2729   0.3315764E-04
  2730   0.3306068E-04
  2731   0.3296399E-04
  2732   0.3286760E-04
  2733   0.3277148E-04
  2734   0.3267564E-04
  2735   0.3258009E-04
  2736   0.3248481E-04
  2737   0.3238981E-04
  2738   0.3229509E-04
  2739   0.3220065E-04
  2740   0.3210648E-04
  2741   0.3201259E-04
  2742   0.3191897E-04
  2743   0.3182563E-04
  2744   0.3173256E-04
  2745   0.3163976E-04
  2746   0.3154723E-04
  2747   0.3145498E-04
  2748   0.3136299E-04
  2749   0.3127127E-04
  2750   0.3117983E-04
  2751   0.3108864E-04
  2752   0.3099773E-04
  2753   0.3090708E-04
  2754   0.3081670E-04
  2755   0.3072658E-04
  2756   0.3063672E-04
  2757   0.3054713E-04
  2758   0.3045779E-04
  2759   0.3036872E-04
  2760   0.3027991E-04
  2761   0.3019136E-04
  2762   0.3010307E-04
  2763   0.3001504E-04
  2764   0.2992726E-04
  2765   0.2983975E-04
  2766   0.2975248E-04
  2767   0.2966547E-04
  2768   0.2957872E-04
  2769   0.2949222E-04
  2770   0.2940597E-04
  2771   0.2931998E-04
  2772   0.2923424E-04
  2773   0.2914874E-04
  2774   0.2906350E-04
  2775   0.2897851E-04
  2776   0.2889377E-04
  2777   0.2880927E-04
  2778   0.2872502E-04
  2779   0.2864102E-04
  2780   0.2855726E-04
  2781   0.2847375E-04
  2782   0.2839048E-04
  2783   0.2830745E-04
  2784   0.2822467E-04
  2785   0.2814213E-04
  2786   0.2805983E-04
  2787   0.2797777E-04
  2788   0.2789596E-04
  2789   0.2781438E-04
  2790   0.2773304E-04
  2791   0.2765193E-04
  2792   0.2757107E-04
  2793   0.2749044E-04
  2794   0.2741005E-04
  2795   0.2732989E-04
  2796   0.2724997E-04
  2797   0.2717028E-04
  2798   0.2709082E-04
  2799   0.2701160E-04
  2800   0.2693260E-04
  2801   0.2685384E-04
  2802   0.2677531E-04
  2803   0.2669701E-04
  2804   0.2661894E-04
  2805   0.2654109E-04
  2806   0.2646348E-04
  2807   0.2638609E-04
  2808   0.2630892E-04
  2809   0.2623198E-04
  2810   0.2615527E-04
  2811   0.2607878E-04
  2812   0.2600252E-04
  2813   0.2592648E-04
  2814   0.2585066E-04
  2815   0.2577506E-04
  2816   0.2569968E-04
  2817   0.2562453E-04
  2818   0.2554959E-04
  2819   0.2547487E-04
  2820   0.2540037E-04
  2821   0.2532609E-04
  2822   0.2525203E-04
  2823   0.2517818E-04
  2824   0.2510455E-04
  2825   0.2503114E-04
  2826   0.2495794E-04
  2827   0.2488495E-04
  2828   0.2481217E-04
  2829   0.2473961E-04
  2830   0.2466727E-04
  2831   0.2459513E-04
  2832   0.2452320E-04
  2833   0.2445149E-04
  2834   0.2437998E-04
  2835   0.2430868E-04
  2836   0.2423760E-04
  2837   0.2416671E-04
  2838   0.2409604E-04
  2839   0.2402557E-04
  2840   0.2395531E-04
  2841   0.2388526E-04
  2842   0.2381541E-04
  2843   0.2374576E-04
  2844   0.2367632E-04
  2845   0.2360708E-04
  2846   0.2353804E-04
  2847   0.2346921E-04
  2848   0.2340058E-04
  2849   0.2333214E-04
  2850   0.2326391E-04
  2851   0.2319588E-04
  2852   0.2312804E-04
  2853   0.2306041E-04
  2854   0.2299297E-04
  2855   0.2292573E-04
  2856   0.2285868E-04
  2857   0.2279184E-04
  2858   0.2272518E-04
  2859   0.2265873E-04
  2860   0.2259246E-04
  2861   0.2252639E-04
  2862   0.2246052E-04
  2863   0.2239483E-04
  2864   0.2232934E-04
  2865   0.2226404E-04
  2866   0.2219893E-04
  2867   0.2213401E-04
  2868   0.2206928E-04
  2869   0.2200474E-04
  2870   0.2194039E-04
  2871   0.2187623E-04
  2872   0.2181226E-04
  2873   0.2174847E-04
  2874   0.2168487E-04
  2875   0.2162145E-04
  2876   0.2155822E-04
  2877   0.2149518E-04
  2878   0.2143231E-04
  2879   0.2136964E-04
  2880   0.2130714E-04
  2881   0.2124483E-04
  2882   0.2118270E-04
  2883   0.2112076E-04
  2884   0.2105899E-04
  2885   0.2099741E-04
  2886   0.2093600E-04
  2887   0.2087478E-04
  2888   0.2081373E-04
  2889   0.2075286E-04
  2890   0.2069217E-04
  2891   0.2063166E-04
  2892   0.2057132E-04
  2893   0.2051116E-04
  2894   0.2045118E-04
  2895   0.2039137E-04
  2896   0.2033174E-04
  2897   0.2027228E-04
  2898   0.2021300E-04
  2899   0.2015389E-04
  2900   0.2009495E-04
  2901   0.2003618E-04
  2902   0.1997759E-04
  2903   0.1991916E-04
  2904   0.1986091E-04
  2905   0.1980283E-04
  2906   0.1974492E-04
  2907   0.1968718E-04
  2908   0.1962960E-04
  2909   0.1957220E-04
  2910   0.1951496E-04
  2911   0.1945789E-04
  2912   0.1940099E-04
  2913   0.1934425E-04
  2914   0.1928768E-04
  2915   0.1923127E-04
  2916   0.1917503E-04
  2917   0.1911896E-04
  2918   0.1906305E-04
  2919   0.1900730E-04
  2920   0.1895171E-04
  2921   0.1889629E-04
  2922   0.1884103E-04
  2923   0.1878593E-04
  2924   0.1873099E-04
  2925   0.1867621E-04
  2926   0.1862160E-04
  2927   0.1856714E-04
  2928   0.1851284E-04
  2929   0.1845870E-04
  2930   0.1840472E-04
  2931   0.1835090E-04
  2932   0.1829723E-04
  2933   0.1824372E-04
  2934   0.1819037E-04
  2935   0.1813717E-04
  2936   0.1808413E-04
  2937   0.1803125E-04
  2938   0.1797852E-04
  2939   0.1792594E-04
  2940   0.1787352E-04
  2941   0.1782125E-04
  2942   0.1776913E-04
  2943   0.1771717E-04
  2944   0.1766535E-04
  2945   0.1761369E-04
  2946   0.1756218E-04
  2947   0.1751082E-04
  2948   0.1745961E-04
  2949   0.1740855E-04
  2950   0.1735764E-04
  2951   0.1730688E-04
  2952   0.1725627E-04
  2953   0.1720581E-04
  2954   0.1715549E-04
  2955   0.1710532E-04
  2956   0.1705530E-04
  2957   0.1700542E-04
  2958   0.1695569E-04
  2959   0.1690610E-04
  2960   0.1685666E-04
  2961   0.1680736E-04
  2962   0.1675821E-04
  2963   0.1670920E-04
  2964   0.1666034E-04
  2965   0.1661162E-04
  2966   0.1656304E-04
  2967   0.1651460E-04
  2968   0.1646630E-04
  2969   0.1641815E-04
  2970   0.1637014E-04
  2971   0.1632226E-04
  2972   0.1627453E-04
  2973   0.1622694E-04
  2974   0.1617948E-04
  2975   0.1613217E-04
  2976   0.1608499E-04
  2977   0.1603795E-04
  2978   0.1599105E-04
  2979   0.1594428E-04
  2980   0.1589765E-04
  2981   0.1585116E-04
  2982   0.1580481E-04
  2983   0.1575859E-04
  2984   0.1571250E-04
  2985   0.1566655E-04
  2986   0.1562074E-04
  2987   0.1557505E-04
  2988   0.1552951E-04
  2989   0.1548409E-04
  2990   0.1543881E-04
  2991   0.1539366E-04
  2992   0.1534864E-04
  2993   0.1530375E-04
  2994   0.1525900E-04
  2995   0.1521438E-04
  2996   0.1516988E-04
  2997   0.1512552E-04
  2998   0.1508129E-04
  2999   0.1503718E-04
  3000   0.1499321E-04
  3001   0.1494936E-04
  3002   0.1490564E-04
  3003   0.1486205E-04
  3004   0.1481859E-04
  3005   0.1477525E-04
  3006   0.1473204E-04
  3007   0.1468896E-04
  3008   0.1464600E-04
  3009   0.1460317E-04
  3010   0.1456046E-04
  3011   0.1451788E-04
  3012   0.1447543E-04
  3013   0.1443309E-04
  3014   0.1439089E-04
  3015   0.1434880E-04
  3016   0.1430684E-04
  3017   0.1426500E-04
  3018   0.1422328E-04
  3019   0.1418169E-04
  3020   0.1414021E-04
  3021   0.1409886E-04
  3022   0.1405763E-04
  3023   0.1401652E-04
  3024   0.1397553E-04
  3025   0.1393466E-04
  3026   0.1389391E-04
  3027   0.1385327E-04
  3028   0.1381276E-04
  3029   0.1377237E-04
  3030   0.1373209E-04
  3031   0.1369193E-04
  3032   0.1365189E-04
  3033   0.1361197E-04
  3034   0.1357216E-04
  3035   0.1353247E-04
  3036   0.1349289E-04
  3037   0.1345343E-04
  3038   0.1341409E-04
  3039   0.1337486E-04
  3040   0.1333575E-04
  3041   0.1329675E-04
  3042   0.1325786E-04
  3043   0.1321909E-04
  3044   0.1318043E-04
  3045   0.1314189E-04
  3046   0.1310345E-04
  3047   0.1306513E-04
  3048   0.1302692E-04
  3049   0.1298883E-04
  3050   0.1295084E-04
  3051   0.1291297E-04
  3052   0.1287521E-04
  3053   0.1283755E-04
  3054   0.1280001E-04
  3055   0.1276258E-04
  3056   0.1272525E-04
  3057   0.1268804E-04
  3058   0.1265093E-04
  3059   0.1261394E-04
  3060   0.1257705E-04
  3061   0.1254027E-04
  3062   0.1250359E-04
  3063   0.1246703E-04
  3064   0.1243057E-04
  3065   0.1239422E-04
  3066   0.1235797E-04
  3067   0.1232183E-04
  3068   0.1228580E-04
  3069   0.1224987E-04
  3070   0.1221404E-04
  3071   0.1217832E-04
  3072   0.1214271E-04
  3073   0.1210720E-04
  3074   0.1207179E-04
  3075   0.1203649E-04
  3076   0.1200129E-04
  3077   0.1196619E-04
  3078   0.1193119E-04
  3079   0.1189630E-04
  3080   0.1186151E-04
  3081   0.1182682E-04
  3082   0.1179224E-04
  3083   0.1175775E-04
  3084   0.1172337E-04
  3085   0.1168908E-04
  3086   0.1165490E-04
  3087   0.1162081E-04
  3088   0.1158683E-04
  3089   0.1155294E-04
  3090   0.1151916E-04
  3091   0.1148547E-04
  3092   0.1145188E-04
  3093   0.1141839E-04
  3094   0.1138500E-04
  3095   0.1135170E-04
  3096   0.1131851E-04
  3097   0.1128541E-04
  3098   0.1125240E-04
  3099   0.1121950E-04
  3100   0.1118668E-04
  3101   0.1115397E-04
  3102   0.1112135E-04
  3103   0.1108883E-04
  3104   0.1105640E-04
  3105   0.1102406E-04
  3106   0.1099182E-04
  3107   0.1095968E-04
  3108   0.1092763E-04
  3109   0.1089567E-04
  3110   0.1086381E-04
  3111   0.1083204E-04
  3112   0.1080036E-04
  3113   0.1076877E-04
  3114   0.1073728E-04
  3115   0.1070588E-04
  3116   0.1067457E-04
  3117   0.1064335E-04
  3118   0.1061223E-04
  3119   0.1058119E-04
  3120   0.1055025E-04
  3121   0.1051939E-04
  3122   0.1048863E-04
  3123   0.1045796E-04
  3124   0.1042737E-04
  3125   0.1039688E-04
  3126   0.1036647E-04
  3127   0.1033616E-04
  3128   0.1030593E-04
  3129   0.1027579E-04
  3130   0.1024574E-04
  3131   0.1021578E-04
  3132   0.1018590E-04
  3133   0.1015611E-04
  3134   0.1012641E-04
  3135   0.1009680E-04
  3136   0.1006727E-04
  3137   0.1003783E-04
  3138   0.1000847E-04
  3139   0.9979204E-05
