
# Surface 0 of 1 surfaces

# Curve title: ""result.dat" u 1:2:3"

# Contour 0, label:       14
 0.0586107  1.74359  14 
 0.0568754  1.79487  14 
 0.0553053  1.84615  14 
 0.0538683  1.89744  14 
 0.0525355  1.94872  14 
 0.051282  2  14 

 1.94872  2  14 
 1.94654  1.94872  14 
 1.94418  1.89744  14 
 1.94162  1.84615  14 
 1.93884  1.79487  14 
 1.93582  1.74359  14 
 1.93255  1.69231  14 
 1.92899  1.64103  14 
 1.92513  1.58974  14 
 1.92093  1.53846  14 
 1.91635  1.48718  14 
 1.91136  1.4359  14 
 1.90592  1.38461  14 
 1.89997  1.33333  14 
 1.89744  1.31266  14 
 1.89343  1.28205  14 
 1.88624  1.23077  14 
 1.87832  1.17949  14 
 1.8696  1.1282  14 
 1.85996  1.07692  14 
 1.84927  1.02564  14 
 1.84615  1.01142  14 
 1.8373  0.974359  14 
 1.8239  0.923077  14 
 1.80889  0.871795  14 
 1.79487  0.828685  14 
 1.79193  0.820513  14 
 1.77246  0.769231  14 
 1.75023  0.717949  14 
 1.74359  0.703655  14 
 1.72422  0.666667  14 
 1.69381  0.615385  14 
 1.69231  0.613003  14 
 1.65697  0.564103  14 
 1.64103  0.544151  14 
 1.61184  0.512821  14 
 1.58974  0.490911  14 
 1.55459  0.461538  14 
 1.53846  0.448885  14 
 1.48718  0.415233  14 
 1.47817  0.410256  14 
 1.4359  0.38777  14 
 1.38461  0.365683  14 
 1.36587  0.358974  14 
 1.33333  0.347555  14 
 1.28205  0.332829  14 
 1.23077  0.321139  14 
 1.17949  0.312041  14 
 1.14711  0.307692  14 
 1.1282  0.305127  14 
 1.07692  0.300176  14 
 1.02564  0.297197  14 
 0.974359  0.296114  14 
 0.923077  0.296909  14 
 0.871795  0.29963  14 
 0.820513  0.304386  14 
 0.795913  0.307692  14 
 0.769231  0.311226  14 
 0.717949  0.320347  14 
 0.666667  0.33226  14 
 0.615385  0.347507  14 
 0.584267  0.358974  14 
 0.564103  0.366519  14 
 0.512821  0.390022  14 
 0.477343  0.410256  14 
 0.461538  0.419594  14 
 0.410256  0.456678  14 
 0.404615  0.461538  14 
 0.358974  0.503538  14 
 0.350549  0.512821  14 
 0.307841  0.564103  14 
 0.307692  0.564294  14 
 0.273452  0.615385  14 
 0.25641  0.643883  14 
 0.244565  0.666667  14 
 0.220158  0.717949  14 
 0.205128  0.753235  14 
 0.199099  0.769231  14 
 0.180975  0.820513  14 
 0.165025  0.871795  14 
 0.153846  0.911737  14 
 0.150983  0.923077  14 
 0.138675  0.974359  14 
 0.127741  1.02564  14 
 0.118023  1.07692  14 
 0.109388  1.1282  14 
 0.102564  1.1735  14 
 0.101729  1.17949  14 
 0.0949524  1.23077  14 
 0.0889447  1.28205  14 
 0.0836306  1.33333  14 
 0.0789412  1.38461  14 
 0.0748122  1.4359  14 
 0.0711826  1.48718  14 
 0.0679947  1.53846  14 
 0.0651935  1.58974  14 
 0.0627273  1.64103  14 
 0.0605479  1.69231  14 
 0.0586107  1.74359  14 


# Contour 1, label:       12
 1.84615  2  12 
 1.83959  1.94872  12 
 1.83246  1.89744  12 
 1.82471  1.84615  12 
 1.8163  1.79487  12 
 1.80715  1.74359  12 
 1.79721  1.69231  12 
 1.79487  1.68075  12 
 1.78637  1.64103  12 
 1.77455  1.58974  12 
 1.76167  1.53846  12 
 1.74762  1.48718  12 
 1.74359  1.4731  12 
 1.73218  1.4359  12 
 1.71521  1.38461  12 
 1.69658  1.33333  12 
 1.69231  1.32207  12 
 1.67585  1.28205  12 
 1.65289  1.23077  12 
 1.64103  1.20593  12 
 1.62719  1.17949  12 
 1.59832  1.1282  12 
 1.58974  1.11376  12 
 1.56544  1.07692  12 
 1.53846  1.03886  12 
 1.52791  1.02564  12 
 1.48718  0.977323  12 
 1.48433  0.974359  12 
 1.4359  0.92604  12 
 1.43245  0.923077  12 
 1.38462  0.883087  12 
 1.36858  0.871795  12 
 1.33333  0.847297  12 
 1.2864  0.820513  12 
 1.28205  0.818032  12 
 1.23077  0.793469  12 
 1.17949  0.774258  12 
 1.16223  0.769231  12 
 1.1282  0.75903  12 
 1.07692  0.747812  12 
 1.02564  0.740575  12 
 0.974359  0.737101  12 
 0.923077  0.737299  12 
 0.871795  0.741213  12 
 0.820513  0.749032  12 
 0.769231  0.761106  12 
 0.744132  0.769231  12 
 0.717949  0.777341  12 
 0.666667  0.798197  12 
 0.624126  0.820513  12 
 0.615385  0.824999  12 
 0.564103  0.857487  12 
 0.545655  0.871795  12 
 0.512821  0.897466  12 
 0.485682  0.923077  12 
 0.461538  0.946512  12 
 0.43724  0.974359  12 
 0.410256  1.00695  12 
 0.396871  1.02564  12 
 0.362643  1.07692  12 
 0.358974  1.08273  12 
 0.333506  1.1282  12 
 0.308134  1.17949  12 
 0.307692  1.18043  12 
 0.286288  1.23077  12 
 0.267217  1.28205  12 
 0.25641  1.31464  12 
 0.250631  1.33333  12 
 0.236178  1.38461  12 
 0.223599  1.4359  12 
 0.212668  1.48718  12 
 0.205128  1.52745  12 
 0.203148  1.53846  12 
 0.194793  1.58974  12 
 0.187482  1.64103  12 
 0.181052  1.69231  12 
 0.175357  1.74359  12 
 0.170266  1.79487  12 
 0.165664  1.84615  12 
 0.16145  1.89744  12 
 0.157536  1.94872  12 
 0.153846  2  12 


# Contour 2, label:       10
 1.74359  2  10 
 1.73254  1.94872  10 
 1.7205  1.89744  10 
 1.70738  1.84615  10 
 1.69309  1.79487  10 
 1.69231  1.79218  10 
 1.67744  1.74359  10 
 1.66037  1.69231  10 
 1.64176  1.64103  10 
 1.64103  1.63907  10 
 1.62126  1.58974  10 
 1.59883  1.53846  10 
 1.58974  1.51876  10 
 1.57405  1.48718  10 
 1.54667  1.4359  10 
 1.53846  1.42127  10 
 1.51607  1.38461  10 
 1.48718  1.34075  10 
 1.48182  1.33333  10 
 1.44279  1.28205  10 
 1.4359  1.27345  10 
 1.39767  1.23077  10 
 1.38461  1.21692  10 
 1.34444  1.17949  10 
 1.33333  1.16953  10 
 1.28205  1.12999  10 
 1.27935  1.1282  10 
 1.23077  1.09674  10 
 1.19283  1.07692  10 
 1.17949  1.06997  10 
 1.1282  1.04827  10 
 1.07692  1.03213  10 
 1.04753  1.02564  10 
 1.02564  1.02062  10 
 0.974359  1.01355  10 
 0.923077  1.01125  10 
 0.871795  1.01374  10 
 0.820513  1.02127  10 
 0.803072  1.02564  10 
 0.769231  1.03353  10 
 0.717949  1.05122  10 
 0.666667  1.07594  10 
 0.665041  1.07692  10 
 0.615385  1.10669  10 
 0.587378  1.1282  10 
 0.564103  1.14646  10 
 0.529766  1.17949  10 
 0.512821  1.19677  10 
 0.484467  1.23077  10 
 0.461538  1.26108  10 
 0.44753  1.28205  10 
 0.416927  1.33333  10 
 0.410256  1.3459  10 
 0.391237  1.38462  10 
 0.36955  1.4359  10 
 0.358974  1.46477  10 
 0.351124  1.48718  10 
 0.335299  1.53846  10 
 0.321751  1.58974  10 
 0.310058  1.64103  10 
 0.307692  1.65264  10 
 0.299755  1.69231  10 
 0.290662  1.74359  10 
 0.282565  1.79487  10 
 0.275255  1.84615  10 
 0.268556  1.89744  10 
 0.262318  1.94872  10 
 0.25641  2  10 


# Contour 3, label:        8
 1.64103  2  8 
 1.6253  1.94872  8 
 1.60809  1.89744  8 
 1.58974  1.8474  8 
 1.58926  1.84615  8 
 1.56853  1.79487  8 
 1.54579  1.74359  8 
 1.53846  1.72787  8 
 1.5207  1.69231  8 
 1.49313  1.64103  8 
 1.48718  1.63042  8 
 1.46254  1.58974  8 
 1.4359  1.54858  8 
 1.42878  1.53846  8 
 1.39107  1.48718  8 
 1.38462  1.47879  8 
 1.3485  1.4359  8 
 1.33333  1.41883  8 
 1.29975  1.38461  8 
 1.28205  1.3675  8 
 1.2423  1.33333  8 
 1.23077  1.3239  8 
 1.17949  1.28732  8 
 1.17087  1.28205  8 
 1.1282  1.25698  8 
 1.07692  1.23324  8 
 1.07011  1.23077  8 
 1.02564  1.21476  8 
 0.974359  1.2022  8 
 0.923077  1.19552  8 
 0.871795  1.1947  8 
 0.820513  1.20008  8 
 0.769231  1.21256  8 
 0.724309  1.23077  8 
 0.717949  1.23322  8 
 0.666667  1.26174  8 
 0.639769  1.28205  8 
 0.615385  1.30167  8 
 0.583792  1.33333  8 
 0.564103  1.35582  8 
 0.542103  1.38462  8 
 0.512821  1.43049  8 
 0.509629  1.4359  8 
 0.483237  1.48718  8 
 0.461894  1.53846  8 
 0.461538  1.53945  8 
 0.443671  1.58974  8 
 0.428308  1.64103  8 
 0.4151  1.69231  8 
 0.410256  1.71349  8 
 0.403402  1.74359  8 
 0.392937  1.79487  8 
 0.383492  1.84615  8 
 0.374819  1.89744  8 
 0.366708  1.94872  8 
 0.358974  2  8 


# Contour 4, label:        6
 1.53846  2  6 
 1.5178  1.94872  6 
 1.49504  1.89744  6 
 1.48718  1.88078  6 
 1.46983  1.84615  6 
 1.44182  1.79487  6 
 1.4359  1.78456  6 
 1.41046  1.74359  6 
 1.38461  1.70474  6 
 1.37557  1.69231  6 
 1.33678  1.64103  6 
 1.33333  1.63659  6 
 1.29365  1.58974  6 
 1.28205  1.57646  6 
 1.24611  1.53846  6 
 1.23077  1.5228  6 
 1.19327  1.48718  6 
 1.17949  1.47476  6 
 1.1328  1.4359  6 
 1.1282  1.43234  6 
 1.07692  1.39611  6 
 1.05832  1.38462  6 
 1.02564  1.36633  6 
 0.974359  1.34375  6 
 0.939325  1.33333  6 
 0.923077  1.32866  6 
 0.871795  1.32103  6 
 0.820513  1.3229  6 
 0.783236  1.33333  6 
 0.769231  1.33684  6 
 0.717949  1.36258  6 
 0.689091  1.38461  6 
 0.666667  1.40482  6 
 0.638585  1.4359  6 
 0.615385  1.46967  6 
 0.604014  1.48718  6 
 0.577949  1.53846  6 
 0.564103  1.57328  6 
 0.557395  1.58974  6 
 0.540011  1.64103  6 
 0.525293  1.69231  6 
 0.512821  1.74175  6 
 0.512352  1.74359  6 
 0.500507  1.79487  6 
 0.489738  1.84615  6 
 0.479804  1.89744  6 
 0.47049  1.94872  6 
 0.461538  2  6 


# Contour 5, label:        4
 1.4359  2  4 
 1.40998  1.94872  4 
 1.38461  1.90318  4 
 1.38124  1.89744  4 
 1.34866  1.84615  4 
 1.33333  1.82415  4 
 1.31076  1.79487  4 
 1.28205  1.75998  4 
 1.26655  1.74359  4 
 1.23077  1.70568  4 
 1.21639  1.69231  4 
 1.17949  1.65626  4 
 1.16283  1.64103  4 
 1.1282  1.60804  4 
 1.1091  1.58974  4 
 1.07692  1.55933  4 
 1.05597  1.53846  4 
 1.02564  1.51122  4 
 1.00049  1.48718  4 
 0.974359  1.46735  4 
 0.928562  1.4359  4 
 0.923077  1.43295  4 
 0.871795  1.41086  4 
 0.820513  1.40285  4 
 0.769231  1.4243  4 
 0.753201  1.4359  4 
 0.717949  1.47115  4 
 0.70458  1.48718  4 
 0.678152  1.53846  4 
 0.666667  1.57019  4 
 0.658777  1.58974  4 
 0.642708  1.64103  4 
 0.629098  1.69231  4 
 0.616691  1.74359  4 
 0.615385  1.7493  4 
 0.604783  1.79487  4 
 0.593464  1.84615  4 
 0.582911  1.89744  4 
 0.5733  1.94872  4 
 0.564103  2  4 


# Contour 6, label:        2
 1.33333  2  2 
 1.30175  1.94872  2 
 1.28205  1.918  2 
 1.26935  1.89744  2 
 1.23077  1.85142  2 
 1.22519  1.84615  2 
 1.17949  1.80687  2 
 1.15645  1.79487  2 
 1.1282  1.77561  2 
 1.07833  1.74359  2 
 1.07692  1.74249  2 
 1.02564  1.7001  2 
 1.01776  1.69231  2 
 0.974359  1.64163  2 
 0.97395  1.64103  2 
 0.940397  1.58974  2 
 0.923077  1.56456  2 
 0.910119  1.53846  2 
 0.877081  1.48718  2 
 0.871795  1.48339  2 
 0.820513  1.452  2 
 0.775462  1.48718  2 
 0.769231  1.51137  2 
 0.757847  1.53846  2 
 0.745173  1.58974  2 
 0.735395  1.64103  2 
 0.726671  1.69231  2 
 0.717949  1.74214  2 
 0.717678  1.74359  2 
 0.707391  1.79487  2 
 0.695098  1.84615  2 
 0.682221  1.89744  2 
 0.673989  1.94872  2 
 0.666667  2  2 

