   0.000000   0.000000  15.000000
   0.000000   0.051282  15.000000
   0.000000   0.102564  15.000000
   0.000000   0.153846  15.000000
   0.000000   0.205128  15.000000
   0.000000   0.256410  15.000000
   0.000000   0.307692  15.000000
   0.000000   0.358974  15.000000
   0.000000   0.410256  15.000000
   0.000000   0.461538  15.000000
   0.000000   0.512821  15.000000
   0.000000   0.564103  15.000000
   0.000000   0.615385  15.000000
   0.000000   0.666667  15.000000
   0.000000   0.717949  15.000000
   0.000000   0.769231  15.000000
   0.000000   0.820513  15.000000
   0.000000   0.871795  15.000000
   0.000000   0.923077  15.000000
   0.000000   0.974359  15.000000
   0.000000   1.025641  15.000000
   0.000000   1.076923  15.000000
   0.000000   1.128205  15.000000
   0.000000   1.179487  15.000000
   0.000000   1.230769  15.000000
   0.000000   1.282051  15.000000
   0.000000   1.333333  15.000000
   0.000000   1.384615  15.000000
   0.000000   1.435897  15.000000
   0.000000   1.487179  15.000000
   0.000000   1.538462  15.000000
   0.000000   1.589744  15.000000
   0.000000   1.641026  15.000000
   0.000000   1.692308  15.000000
   0.000000   1.743590  15.000000
   0.000000   1.794872  15.000000
   0.000000   1.846154  15.000000
   0.000000   1.897436  15.000000
   0.000000   1.948718  15.000000
   0.000000   2.000000  15.000000

   0.051282   0.000000  15.000000
   0.051282   0.051282  14.986183
   0.051282   0.102564  14.972273
   0.051282   0.153846  14.958176
   0.051282   0.205128  14.943798
   0.051282   0.256410  14.929044
   0.051282   0.307692  14.913817
   0.051282   0.358974  14.898018
   0.051282   0.410256  14.881548
   0.051282   0.461538  14.864306
   0.051282   0.512821  14.846189
   0.051282   0.564103  14.827096
   0.051282   0.615385  14.806925
   0.051282   0.666667  14.785579
   0.051282   0.717949  14.762965
   0.051282   0.769231  14.738999
   0.051282   0.820513  14.713610
   0.051282   0.871795  14.686746
   0.051282   0.923077  14.658377
   0.051282   0.974359  14.628505
   0.051282   1.025641  14.597170
   0.051282   1.076923  14.564456
   0.051282   1.128205  14.530501
   0.051282   1.179487  14.495495
   0.051282   1.230769  14.459685
   0.051282   1.282051  14.423366
   0.051282   1.333333  14.386874
   0.051282   1.384615  14.350566
   0.051282   1.435897  14.314795
   0.051282   1.487179  14.279890
   0.051282   1.538462  14.246124
   0.051282   1.589744  14.213699
   0.051282   1.641026  14.182733
   0.051282   1.692308  14.153253
   0.051282   1.743590  14.125203
   0.051282   1.794872  14.098453
   0.051282   1.846154  14.072811
   0.051282   1.897436  14.048040
   0.051282   1.948718  14.023868
   0.051282   2.000000  14.000000

   0.102564   0.000000  15.000000
   0.102564   0.051282  14.972459
   0.102564   0.102564  14.944732
   0.102564   0.153846  14.916632
   0.102564   0.205128  14.887972
   0.102564   0.256410  14.858561
   0.102564   0.307692  14.828205
   0.102564   0.358974  14.796708
   0.102564   0.410256  14.763869
   0.102564   0.461538  14.729487
   0.102564   0.512821  14.693356
   0.102564   0.564103  14.655270
   0.102564   0.615385  14.615026
   0.102564   0.666667  14.572426
   0.102564   0.717949  14.527281
   0.102564   0.769231  14.479420
   0.102564   0.820513  14.428696
   0.102564   0.871795  14.374996
   0.102564   0.923077  14.318256
   0.102564   0.974359  14.258473
   0.102564   1.025641  14.195717
   0.102564   1.076923  14.130155
   0.102564   1.128205  14.062053
   0.102564   1.179487  13.991795
   0.102564   1.230769  13.919878
   0.102564   1.282051  13.846905
   0.102564   1.333333  13.773566
   0.102564   1.384615  13.700594
   0.102564   1.435897  13.628726
   0.102564   1.487179  13.558640
   0.102564   1.538462  13.490906
   0.102564   1.589744  13.425940
   0.102564   1.641026  13.363980
   0.102564   1.692308  13.305076
   0.102564   1.743590  13.249107
   0.102564   1.794872  13.195798
   0.102564   1.846154  13.144752
   0.102564   1.897436  13.095482
   0.102564   1.948718  13.047431
   0.102564   2.000000  13.000000

   0.153846   0.000000  15.000000
   0.153846   0.051282  14.958921
   0.153846   0.102564  14.917563
   0.153846   0.153846  14.875650
   0.153846   0.205128  14.832898
   0.153846   0.256410  14.789023
   0.153846   0.307692  14.743735
   0.153846   0.358974  14.696739
   0.153846   0.410256  14.647734
   0.153846   0.461538  14.596417
   0.153846   0.512821  14.542476
   0.153846   0.564103  14.485602
   0.153846   0.615385  14.425483
   0.153846   0.666667  14.361818
   0.153846   0.717949  14.294314
   0.153846   0.769231  14.222705
   0.153846   0.820513  14.146757
   0.153846   0.871795  14.066287
   0.153846   0.923077  13.981180
   0.153846   0.974359  13.891412
   0.153846   1.025641  13.797073
   0.153846   1.076923  13.698392
   0.153846   1.128205  13.595762
   0.153846   1.179487  13.489754
   0.153846   1.230769  13.381126
   0.153846   1.282051  13.270812
   0.153846   1.333333  13.159889
   0.153846   1.384615  13.049519
   0.153846   1.435897  12.940874
   0.153846   1.487179  12.835038
   0.153846   1.538462  12.732920
   0.153846   1.589744  12.635176
   0.153846   1.641026  12.542170
   0.153846   1.692308  12.453965
   0.153846   1.743590  12.370350
   0.153846   1.794872  12.290878
   0.153846   1.846154  12.214918
   0.153846   1.897436  12.141705
   0.153846   1.948718  12.070374
   0.153846   2.000000  12.000000

   0.205128   0.000000  15.000000
   0.205128   0.051282  14.945660
   0.205128   0.102564  14.890952
   0.205128   0.153846  14.835505
   0.205128   0.205128  14.778947
   0.205128   0.256410  14.720897
   0.205128   0.307692  14.660972
   0.205128   0.358974  14.598778
   0.205128   0.410256  14.533913
   0.205128   0.461538  14.465970
   0.205128   0.512821  14.394531
   0.205128   0.564103  14.319178
   0.205128   0.615385  14.239489
   0.205128   0.666667  14.155047
   0.205128   0.717949  14.065453
   0.205128   0.769231  13.970329
   0.205128   0.820513  13.869340
   0.205128   0.871795  13.762215
   0.205128   0.923077  13.648765
   0.205128   0.974359  13.528923
   0.205128   1.025641  13.402771
   0.205128   1.076923  13.270580
   0.205128   1.128205  13.132849
   0.205128   1.179487  12.990333
   0.205128   1.230769  12.844061
   0.205128   1.282051  12.695328
   0.205128   1.333333  12.545658
   0.205128   1.384615  12.396720
   0.205128   1.435897  12.250213
   0.205128   1.487179  12.107720
   0.205128   1.538462  11.970560
   0.205128   1.589744  11.839673
   0.205128   1.641026  11.715558
   0.205128   1.692308  11.598266
   0.205128   1.743590  11.487451
   0.205128   1.794872  11.382445
   0.205128   1.846154  11.282338
   0.205128   1.897436  11.186045
   0.205128   1.948718  11.092361
   0.205128   2.000000  11.000000

   0.256410   0.000000  15.000000
   0.256410   0.051282  14.932768
   0.256410   0.102564  14.865078
   0.256410   0.153846  14.796473
   0.256410   0.205128  14.726487
   0.256410   0.256410  14.654649
   0.256410   0.307692  14.580479
   0.256410   0.358974  14.503487
   0.256410   0.410256  14.423171
   0.256410   0.461538  14.339018
   0.256410   0.512821  14.250502
   0.256410   0.564103  14.157091
   0.256410   0.615385  14.058246
   0.256410   0.666667  13.953431
   0.256410   0.717949  13.842122
   0.256410   0.769231  13.723817
   0.256410   0.820513  13.598062
   0.256410   0.871795  13.464467
   0.256410   0.923077  13.322744
   0.256410   0.974359  13.172745
   0.256410   1.025641  13.014507
   0.256410   1.076923  12.848308
   0.256410   1.128205  12.674721
   0.256410   1.179487  12.494668
   0.256410   1.230769  12.309456
   0.256410   1.282051  12.120782
   0.256410   1.333333  11.930695
   0.256410   1.384615  11.741490
   0.256410   1.435897  11.555539
   0.256410   1.487179  11.375068
   0.256410   1.538462  11.201926
   0.256410   1.589744  11.037400
   0.256410   1.641026  10.882123
   0.256410   1.692308  10.736088
   0.256410   1.743590  10.598742
   0.256410   1.794872  10.469114
   0.256410   1.846154  10.345945
   0.256410   1.897436  10.227778
   0.256410   1.948718  10.113023
   0.256410   2.000000  10.000000

   0.307692   0.000000  15.000000
   0.307692   0.051282  14.920333
   0.307692   0.102564  14.840122
   0.307692   0.153846  14.758821
   0.307692   0.205128  14.675878
   0.307692   0.256410  14.590732
   0.307692   0.307692  14.502808
   0.307692   0.358974  14.411521
   0.307692   0.410256  14.316267
   0.307692   0.461538  14.216428
   0.307692   0.512821  14.111368
   0.307692   0.564103  14.000437
   0.307692   0.615385  13.882973
   0.307692   0.666667  13.758310
   0.307692   0.717949  13.625786
   0.307692   0.769231  13.484758
   0.307692   0.820513  13.334623
   0.307692   0.871795  13.174847
   0.307692   0.923077  13.004999
   0.307692   0.974359  12.824805
   0.307692   1.025641  12.634204
   0.307692   1.076923  12.433423
   0.307692   1.128205  12.223059
   0.307692   1.179487  12.004164
   0.307692   1.230769  11.778314
   0.307692   1.282051  11.547650
   0.307692   1.333333  11.314851
   0.307692   1.384615  11.083007
   0.307692   1.435897  10.855385
   0.307692   1.487179  10.635087
   0.307692   1.538462  10.424676
   0.307692   1.589744  10.225877
   0.307692   1.641026  10.039446
   0.307692   1.692308   9.865223
   0.307692   1.743590   9.702315
   0.307692   1.794872   9.549325
   0.307692   1.846154   9.404548
   0.307692   1.897436   9.266097
   0.307692   1.948718   9.131954
   0.307692   2.000000   9.000000

   0.358974   0.000000  15.000000
   0.358974   0.051282  14.908441
   0.358974   0.102564  14.816255
   0.358974   0.153846  14.722812
   0.358974   0.205128  14.627474
   0.358974   0.256410  14.529592
   0.358974   0.307692  14.428502
   0.358974   0.358974  14.323522
   0.358974   0.410256  14.213949
   0.358974   0.461538  14.099060
   0.358974   0.512821  13.978106
   0.358974   0.564103  13.850317
   0.358974   0.615385  13.714900
   0.358974   0.666667  13.571050
   0.358974   0.717949  13.417954
   0.358974   0.769231  13.254805
   0.358974   0.820513  13.080826
   0.358974   0.871795  12.895298
   0.358974   0.923077  12.697602
   0.358974   0.974359  12.487274
   0.358974   1.025641  12.264082
   0.358974   1.076923  12.028122
   0.358974   1.128205  11.779930
   0.358974   1.179487  11.520614
   0.358974   1.230769  11.251985
   0.358974   1.282051  10.976654
   0.358974   1.333333  10.698051
   0.358974   1.384615  10.420301
   0.358974   1.435897  10.147907
   0.358974   1.487179   9.885220
   0.358974   1.538462   9.635815
   0.358974   1.589744   9.401988
   0.358974   1.641026   9.184561
   0.358974   1.692308   8.983041
   0.358974   1.743590   8.795970
   0.358974   1.794872   8.621324
   0.358974   1.846154   8.456827
   0.358974   1.897436   8.300107
   0.358974   1.948718   8.148698
   0.358974   2.000000   8.000000

   0.410256   0.000000  15.000000
   0.410256   0.051282  14.897175
   0.410256   0.102564  14.793645
   0.410256   0.153846  14.688698
   0.410256   0.205128  14.581614
   0.410256   0.256410  14.471661
   0.410256   0.307692  14.358086
   0.410256   0.358974  14.240115
   0.410256   0.410256  14.116948
   0.410256   0.461538  13.987757
   0.410256   0.512821  13.851680
   0.410256   0.564103  13.707824
   0.410256   0.615385  13.555261
   0.410256   0.666667  13.393038
   0.410256   0.717949  13.220175
   0.410256   0.769231  13.035683
   0.410256   0.820513  12.838579
   0.410256   0.871795  12.627919
   0.410256   0.923077  12.402837
   0.410256   0.974359  12.162606
   0.410256   1.025641  11.906730
   0.410256   1.076923  11.635054
   0.410256   1.128205  11.347924
   0.410256   1.179487  11.046378
   0.410256   1.230769  10.732360
   0.410256   1.282051  10.408930
   0.410256   1.333333  10.080397
   0.410256   1.384615   9.752241
   0.410256   1.435897   9.430724
   0.410256   1.487179   9.122069
   0.410256   1.538462   8.831377
   0.410256   1.589744   8.561697
   0.410256   1.641026   8.313770
   0.410256   1.692308   8.086412
   0.410256   1.743590   7.877199
   0.410256   1.794872   7.683173
   0.410256   1.846154   7.501330
   0.410256   1.897436   7.328805
   0.410256   1.948718   7.162731
   0.410256   2.000000   7.000000

   0.461538   0.000000  15.000000
   0.461538   0.051282  14.886616
   0.461538   0.102564  14.772452
   0.461538   0.153846  14.656720
   0.461538   0.205128  14.538625
   0.461538   0.256410  14.417352
   0.461538   0.307692  14.292065
   0.461538   0.358974  14.161904
   0.461538   0.410256  14.025973
   0.461538   0.461538  13.883340
   0.461538   0.512821  13.733034
   0.461538   0.564103  13.574037
   0.461538   0.615385  13.405285
   0.461538   0.666667  13.225666
   0.461538   0.717949  13.034026
   0.461538   0.769231  12.829172
   0.461538   0.820513  12.609889
   0.461538   0.871795  12.374963
   0.461538   0.923077  12.123220
   0.461538   0.974359  11.853585
   0.461538   1.025641  11.565177
   0.461538   1.076923  11.257439
   0.461538   1.128205  10.930336
   0.461538   1.179487  10.584614
   0.461538   1.230769  10.222145
   0.461538   1.282051   9.846312
   0.461538   1.333333   9.462364
   0.461538   1.384615   9.077543
   0.461538   1.435897   8.700678
   0.461538   1.487179   8.340957
   0.461538   1.538462   8.005927
   0.461538   1.589744   7.699652
   0.461538   1.641026   7.422412
   0.461538   1.692308   7.171636
   0.461538   1.743590   6.943242
   0.461538   1.794872   6.732838
   0.461538   1.846154   6.536515
   0.461538   1.897436   6.351051
   0.461538   1.948718   6.173422
   0.461538   2.000000   6.000000

   0.512821   0.000000  15.000000
   0.512821   0.051282  14.876838
   0.512821   0.102564  14.752826
   0.512821   0.153846  14.627107
   0.512821   0.205128  14.498813
   0.512821   0.256410  14.367056
   0.512821   0.307692  14.230921
   0.512821   0.358974  14.089463
   0.512821   0.410256  13.941699
   0.512821   0.461538  13.786598
   0.512821   0.512821  13.623080
   0.512821   0.564103  13.450006
   0.512821   0.615385  13.266175
   0.512821   0.666667  13.070316
   0.512821   0.717949  12.861092
   0.512821   0.769231  12.637092
   0.512821   0.820513  12.396843
   0.512821   0.871795  12.138825
   0.512821   0.923077  11.861495
   0.512821   0.974359  11.563338
   0.512821   1.025641  11.242954
   0.512821   1.076923  10.899191
   0.512821   1.128205  10.531367
   0.512821   1.179487  10.139599
   0.512821   1.230769   9.725295
   0.512821   1.282051   9.291809
   0.512821   1.333333   8.845206
   0.512821   1.384615   8.394888
   0.512821   1.435897   7.953489
   0.512821   1.487179   7.535153
   0.512821   1.538462   7.151723
   0.512821   1.589744   6.808573
   0.512821   1.641026   6.504590
   0.512821   1.692308   6.234479
   0.512821   1.743590   5.991296
   0.512821   1.794872   5.768422
   0.512821   1.846154   5.560840
   0.512821   1.897436   5.365463
   0.512821   1.948718   5.179905
   0.512821   2.000000   5.000000

   0.564103   0.000000  15.000000
   0.564103   0.051282  14.867910
   0.564103   0.102564  14.734907
   0.564103   0.153846  14.600070
   0.564103   0.205128  14.462466
   0.564103   0.256410  14.321138
   0.564103   0.307692  14.175100
   0.564103   0.358974  14.023330
   0.564103   0.410256  13.864762
   0.564103   0.461538  13.698273
   0.564103   0.512821  13.522682
   0.564103   0.564103  13.336733
   0.564103   0.615385  13.139092
   0.564103   0.666667  12.928334
   0.564103   0.717949  12.702934
   0.564103   0.769231  12.461260
   0.564103   0.820513  12.201568
   0.564103   0.871795  11.922001
   0.564103   0.923077  11.620597
   0.564103   0.974359  11.295319
   0.564103   1.025641  10.944110
   0.564103   1.076923  10.565005
   0.564103   1.128205  10.156341
   0.564103   1.179487   9.717120
   0.564103   1.230769   9.247628
   0.564103   1.282051   8.750423
   0.564103   1.333333   8.231764
   0.564103   1.384615   7.703316
   0.564103   1.435897   7.183235
   0.564103   1.487179   6.694445
   0.564103   1.538462   6.257239
   0.564103   1.589744   5.878327
   0.564103   1.641026   5.552896
   0.564103   1.692308   5.270393
   0.564103   1.743590   5.019041
   0.564103   1.794872   4.788715
   0.564103   1.846154   4.572959
   0.564103   1.897436   4.370056
   0.564103   1.948718   4.180737
   0.564103   2.000000   4.000000

   0.615385   0.000000  15.000000
   0.615385   0.051282  14.859895
   0.615385   0.102564  14.718821
   0.615385   0.153846  14.575801
   0.615385   0.205128  14.429843
   0.615385   0.256410  14.279929
   0.615385   0.307692  14.125011
   0.615385   0.358974  13.963997
   0.615385   0.410256  13.795745
   0.615385   0.461538  13.619052
   0.615385   0.512821  13.432641
   0.615385   0.564103  13.235153
   0.615385   0.615385  13.025128
   0.615385   0.666667  12.800994
   0.615385   0.717949  12.561050
   0.615385   0.769231  12.303447
   0.615385   0.820513  12.026168
   0.615385   0.871795  11.727013
   0.615385   0.923077  11.403575
   0.615385   0.974359  11.053233
   0.615385   1.025641  10.673162
   0.615385   1.076923  10.260379
   0.615385   1.128205   9.811873
   0.615385   1.179487   9.324914
   0.615385   1.230769   8.797676
   0.615385   1.282051   8.230490
   0.615385   1.333333   7.628110
   0.615385   1.384615   7.003378
   0.615385   1.435897   6.381690
   0.615385   1.487179   5.802152
   0.615385   1.538462   5.304463
   0.615385   1.589744   4.894599
   0.615385   1.641026   4.558274
   0.615385   1.692308   4.275156
   0.615385   1.743590   4.025760
   0.615385   1.794872   3.794438
   0.615385   1.846154   3.572227
   0.615385   1.897436   3.361063
   0.615385   1.948718   3.172986
   0.615385   2.000000   3.000000

   0.666667   0.000000  15.000000
   0.666667   0.051282  14.852849
   0.666667   0.102564  14.704681
   0.666667   0.153846  14.554471
   0.666667   0.205128  14.401175
   0.666667   0.256410  14.243726
   0.666667   0.307692  14.081018
   0.666667   0.358974  13.911902
   0.666667   0.410256  13.735170
   0.666667   0.461538  13.549549
   0.666667   0.512821  13.353680
   0.666667   0.564103  13.146111
   0.666667   0.615385  12.925273
   0.666667   0.666667  12.689465
   0.666667   0.717949  12.436826
   0.666667   0.769231  12.165309
   0.666667   0.820513  11.872647
   0.666667   0.871795  11.556310
   0.666667   0.923077  11.213456
   0.666667   0.974359  10.840876
   0.666667   1.025641  10.434928
   0.666667   1.076923   9.991475
   0.666667   1.128205   9.505861
   0.666667   1.179487   8.972986
   0.666667   1.230769   8.387673
   0.666667   1.282051   7.745752
   0.666667   1.333333   7.046807
   0.666667   1.384615   6.300398
   0.666667   1.435897   5.537997
   0.666667   1.487179   4.828011
   0.666667   1.538462   4.263861
   0.666667   1.589744   3.837331
   0.666667   1.641026   3.510445
   0.666667   1.692308   3.246198
   0.666667   1.743590   3.014405
   0.666667   1.794872   2.791050
   0.666667   1.846154   2.560448
   0.666667   1.897436   2.328984
   0.666667   1.948718   2.150144
   0.666667   2.000000   2.000000

   0.717949   0.000000  15.000000
   0.717949   0.051282  14.846820
   0.717949   0.102564  14.692584
   0.717949   0.153846  14.536226
   0.717949   0.205128  14.376662
   0.717949   0.256410  14.212782
   0.717949   0.307692  14.043435
   0.717949   0.358974  13.867423
   0.717949   0.410256  13.683487
   0.717949   0.461538  13.490293
   0.717949   0.512821  13.286420
   0.717949   0.564103  13.070337
   0.717949   0.615385  12.840390
   0.717949   0.666667  12.594768
   0.717949   0.717949  12.331481
   0.717949   0.769231  12.048318
   0.717949   0.820513  11.742802
   0.717949   0.871795  11.412123
   0.717949   0.923077  11.053064
   0.717949   0.974359  10.661889
   0.717949   1.025641  10.234199
   0.717949   1.076923   9.764733
   0.717949   1.128205   9.247110
   0.717949   1.179487   8.673496
   0.717949   1.230769   8.034278
   0.717949   1.282051   7.318037
   0.717949   1.333333   6.512970
   0.717949   1.384615   5.613408
   0.717949   1.435897   4.641888
   0.717949   1.487179   3.708034
   0.717949   1.538462   3.085639
   0.717949   1.589744   2.680420
   0.717949   1.641026   2.399979
   0.717949   1.692308   2.184784
   0.717949   1.743590   1.994612
   0.717949   1.794872   1.794908
   0.717949   1.846154   1.549532
   0.717949   1.897436   1.244281
   0.717949   1.948718   1.098606
   0.717949   2.000000   1.000000

   0.769231   0.000000  15.000000
   0.769231   0.051282  14.841848
   0.769231   0.102564  14.682608
   0.769231   0.153846  14.521187
   0.769231   0.205128  14.356467
   0.769231   0.256410  14.187305
   0.769231   0.307692  14.012517
   0.769231   0.358974  13.830868
   0.769231   0.410256  13.641061
   0.769231   0.461538  13.441718
   0.769231   0.512821  13.231369
   0.769231   0.564103  13.008430
   0.769231   0.615385  12.771181
   0.769231   0.666667  12.517736
   0.769231   0.717949  12.246012
   0.769231   0.769231  11.953683
   0.769231   0.820513  11.638120
   0.769231   0.871795  11.296318
   0.769231   0.923077  10.924790
   0.769231   0.974359  10.519419
   0.769231   1.025641  10.075246
   0.769231   1.076923   9.586149
   0.769231   1.128205   9.044350
   0.769231   1.179487   8.439612
   0.769231   1.230769   7.757905
   0.769231   1.282051   6.979150
   0.769231   1.333333   6.073629
   0.769231   1.384615   4.998378
   0.769231   1.435897   3.708113
   0.769231   1.487179   2.276597
   0.769231   1.538462   1.690242
   0.769231   1.589744   1.398732
   0.769231   1.641026   1.224265
   0.769231   1.692308   1.098350
   0.769231   1.743590   0.984350
   0.769231   1.794872   0.844437
   0.769231   1.846154   0.598492
   0.769231   1.897436   0.000000
   0.769231   1.948718   0.000000
   0.769231   2.000000   0.000000

   0.820513   0.000000  15.000000
   0.820513   0.051282  14.837962
   0.820513   0.102564  14.674816
   0.820513   0.153846  14.509446
   0.820513   0.205128  14.340713
   0.820513   0.256410  14.167454
   0.820513   0.307692  13.988460
   0.820513   0.358974  13.802473
   0.820513   0.410256  13.608171
   0.820513   0.461538  13.404150
   0.820513   0.512821  13.188910
   0.820513   0.564103  12.960835
   0.820513   0.615385  12.718169
   0.820513   0.666667  12.458985
   0.820513   0.717949  12.181151
   0.820513   0.769231  11.882282
   0.820513   0.820513  11.559677
   0.820513   0.871795  11.210239
   0.820513   0.923077  10.830359
   0.820513   0.974359  10.415752
   0.820513   1.025641   9.961218
   0.820513   1.076923   9.460269
   0.820513   1.128205   8.904530
   0.820513   1.179487   8.282696
   0.820513   1.230769   7.578581
   0.820513   1.282051   6.767030
   0.820513   1.333333   5.804020
   0.820513   1.384615   4.598360
   0.820513   1.435897   2.915590
   0.820513   1.487179   0.000000
   0.820513   1.538462   0.000000
   0.820513   1.589744   0.000000
   0.820513   1.641026   0.000000
   0.820513   1.692308   0.000000
   0.820513   1.743590   0.000000
   0.820513   1.794872   0.000000
   0.820513   1.846154   0.000000
   0.820513   1.897436   0.000000
   0.820513   1.948718   0.000000
   0.820513   2.000000   0.000000

   0.871795   0.000000  15.000000
   0.871795   0.051282  14.835184
   0.871795   0.102564  14.669249
   0.871795   0.153846  14.501067
   0.871795   0.205128  14.329488
   0.871795   0.256410  14.153337
   0.871795   0.307692  13.971396
   0.871795   0.358974  13.782395
   0.871795   0.410256  13.585001
   0.871795   0.461538  13.377801
   0.871795   0.512821  13.159286
   0.871795   0.564103  12.927832
   0.871795   0.615385  12.681675
   0.871795   0.666667  12.418884
   0.871795   0.717949  12.137325
   0.871795   0.769231  11.834617
   0.871795   0.820513  11.508068
   0.871795   0.871795  11.154604
   0.871795   0.923077  10.770656
   0.871795   0.974359  10.352012
   0.871795   1.025641   9.893605
   0.871795   1.076923   9.389180
   0.871795   1.128205   8.830806
   0.871795   1.179487   8.208061
   0.871795   1.230769   7.506696
   0.871795   1.282051   6.706369
   0.871795   1.333333   5.777059
   0.871795   1.384615   4.675452
   0.871795   1.435897   3.355888
   0.871795   1.487179   1.891760
   0.871795   1.538462   1.269223
   0.871795   1.589744   0.938047
   0.871795   1.641026   0.721404
   0.871795   1.692308   0.553984
   0.871795   1.743590   0.408025
   0.871795   1.794872   0.270455
   0.871795   1.846154   0.135169
   0.871795   1.897436   0.000000
   0.871795   1.948718   0.000000
   0.871795   2.000000   0.000000

   0.923077   0.000000  15.000000
   0.923077   0.051282  14.833525
   0.923077   0.102564  14.665930
   0.923077   0.153846  14.496083
   0.923077   0.205128  14.322836
   0.923077   0.256410  14.145011
   0.923077   0.307692  13.961392
   0.923077   0.358974  13.770711
   0.923077   0.410256  13.571638
   0.923077   0.461538  13.362769
   0.923077   0.512821  13.142603
   0.923077   0.564103  12.909532
   0.923077   0.615385  12.661815
   0.923077   0.666667  12.397551
   0.923077   0.717949  12.114651
   0.923077   0.769231  11.810793
   0.923077   0.820513  11.483376
   0.923077   0.871795  11.129454
   0.923077   0.923077  10.745648
   0.923077   0.974359  10.328039
   0.923077   1.025641   9.872009
   0.923077   1.076923   9.372043
   0.923077   1.128205   8.821454
   0.923077   1.179487   8.212046
   0.923077   1.230769   7.533771
   0.923077   1.282051   6.774693
   0.923077   1.333333   5.922397
   0.923077   1.384615   4.970502
   0.923077   1.435897   3.940750
   0.923077   1.487179   2.941929
   0.923077   1.538462   2.247084
   0.923077   1.589744   1.761562
   0.923077   1.641026   1.393586
   0.923077   1.692308   1.086509
   0.923077   1.743590   0.807661
   0.923077   1.794872   0.538627
   0.923077   1.846154   0.270220
   0.923077   1.897436   0.000000
   0.923077   1.948718   0.000000
   0.923077   2.000000   0.000000

   0.974359   0.000000  15.000000
   0.974359   0.051282  14.832988
   0.974359   0.102564  14.664862
   0.974359   0.153846  14.494501
   0.974359   0.205128  14.320763
   0.974359   0.256410  14.142481
   0.974359   0.307692  13.958450
   0.974359   0.358974  13.767418
   0.974359   0.410256  13.568073
   0.974359   0.461538  13.359032
   0.974359   0.512821  13.138825
   0.974359   0.564103  12.905880
   0.974359   0.615385  12.658503
   0.974359   0.666667  12.394857
   0.974359   0.717949  12.112935
   0.974359   0.769231  11.810529
   0.974359   0.820513  11.485191
   0.974359   0.871795  11.134188
   0.974359   0.923077  10.754446
   0.974359   0.974359  10.342486
   0.974359   1.025641   9.894350
   0.974359   1.076923   9.405528
   0.974359   1.128205   8.870922
   0.974359   1.179487   8.284900
   0.974359   1.230769   7.641650
   0.974359   1.282051   6.936237
   0.974359   1.333333   6.167332
   0.974359   1.384615   5.343410
   0.974359   1.435897   4.494681
   0.974359   1.487179   3.688121
   0.974359   1.538462   3.015625
   0.974359   1.589744   2.467529
   0.974359   1.641026   2.004870
   0.974359   1.692308   1.590803
   0.974359   1.743590   1.197482
   0.974359   1.794872   0.806170
   0.974359   1.846154   0.407087
   0.974359   1.897436   0.000000
   0.974359   1.948718   0.000000
   0.974359   2.000000   0.000000

   1.025641   0.000000  15.000000
   1.025641   0.051282  14.833564
   1.025641   0.102564  14.666031
   1.025641   0.153846  14.496295
   1.025641   0.205128  14.323234
   1.025641   0.256410  14.145700
   1.025641   0.307692  13.962510
   1.025641   0.358974  13.772439
   1.025641   0.410256  13.574206
   1.025641   0.461538  13.366463
   1.025641   0.512821  13.147787
   1.025641   0.564103  12.916661
   1.025641   0.615385  12.671461
   1.025641   0.666667  12.410440
   1.025641   0.717949  12.131705
   1.025641   0.769231  11.833198
   1.025641   0.820513  11.512672
   1.025641   0.871795  11.167661
   1.025641   0.923077  10.795463
   1.025641   0.974359  10.393111
   1.025641   1.025641   9.957377
   1.025641   1.076923   9.484800
   1.025641   1.128205   8.971806
   1.025641   1.179487   8.414984
   1.025641   1.230769   7.811692
   1.025641   1.282051   7.161273
   1.025641   1.333333   6.467285
   1.025641   1.384615   5.741126
   1.025641   1.435897   5.006444
   1.025641   1.487179   4.300251
   1.025641   1.538462   3.659764
   1.025641   1.589744   3.088060
   1.025641   1.641026   2.567562
   1.025641   1.692308   2.074351
   1.025641   1.743590   1.585296
   1.025641   1.794872   1.081484
   1.025641   1.846154   0.551956
   1.025641   1.897436   0.000000
   1.025641   1.948718   0.000000
   1.025641   2.000000   0.000000

   1.076923   0.000000  15.000000
   1.076923   0.051282  14.835238
   1.076923   0.102564  14.669403
   1.076923   0.153846  14.501415
   1.076923   0.205128  14.330178
   1.076923   0.256410  14.154574
   1.076923   0.307692  13.973453
   1.076923   0.358974  13.785623
   1.076923   0.410256  13.589848
   1.076923   0.461538  13.384828
   1.076923   0.512821  13.169199
   1.076923   0.564103  12.941515
   1.076923   0.615385  12.700241
   1.076923   0.666667  12.443737
   1.076923   0.717949  12.170247
   1.076923   0.769231  11.877888
   1.076923   0.820513  11.564637
   1.076923   0.871795  11.228325
   1.076923   0.923077  10.866634
   1.076923   0.974359  10.477119
   1.076923   1.025641  10.057246
   1.076923   1.076923   9.604490
   1.076923   1.128205   9.116520
   1.076923   1.179487   8.591537
   1.076923   1.230769   8.028862
   1.076923   1.282051   7.429878
   1.076923   1.333333   6.799411
   1.076923   1.384615   6.147365
   1.076923   1.435897   5.489717
   1.076923   1.487179   4.846677
   1.076923   1.538462   4.235120
   1.076923   1.589744   3.657385
   1.076923   1.641026   3.102966
   1.076923   1.692308   2.553745
   1.076923   1.743590   1.987865
   1.076923   1.794872   1.382516
   1.076923   1.846154   0.719252
   1.076923   1.897436   0.000000
   1.076923   1.948718   0.000000
   1.076923   2.000000   0.000000

   1.128205   0.000000  15.000000
   1.128205   0.051282  14.837984
   1.128205   0.102564  14.674928
   1.128205   0.153846  14.509784
   1.128205   0.205128  14.341491
   1.128205   0.256410  14.168967
   1.128205   0.307692  13.991103
   1.128205   0.358974  13.806755
   1.128205   0.410256  13.614734
   1.128205   0.461538  13.413803
   1.128205   0.512821  13.202667
   1.128205   0.564103  12.979962
   1.128205   0.615385  12.744252
   1.128205   0.666667  12.494020
   1.128205   0.717949  12.227659
   1.128205   0.769231  11.943471
   1.128205   0.820513  11.639665
   1.128205   0.871795  11.314366
   1.128205   0.923077  10.965631
   1.128205   0.974359  10.591487
   1.128205   1.025641  10.190000
   1.128205   1.076923   9.759395
   1.128205   1.128205   9.298246
   1.128205   1.179487   8.805784
   1.128205   1.230769   8.282341
   1.128205   1.282051   7.729965
   1.128205   1.333333   7.153116
   1.128205   1.384615   6.559208
   1.128205   1.435897   5.958382
   1.128205   1.487179   5.361619
   1.128205   1.538462   4.776655
   1.128205   1.589744   4.203394
   1.128205   1.641026   3.633172
   1.128205   1.692308   3.049799
   1.128205   1.743590   2.429903
   1.128205   1.794872   1.741462
   1.128205   1.846154   0.942538
   1.128205   1.897436   0.000000
   1.128205   1.948718   0.000000
   1.128205   2.000000   0.000000

   1.179487   0.000000  15.000000
   1.179487   0.051282  14.841771
   1.179487   0.102564  14.682541
   1.179487   0.153846  14.521301
   1.179487   0.205128  14.357034
   1.179487   0.256410  14.188700
   1.179487   0.307692  14.015239
   1.179487   0.358974  13.835559
   1.179487   0.410256  13.648531
   1.179487   0.461538  13.452985
   1.179487   0.512821  13.247704
   1.179487   0.564103  13.031414
   1.179487   0.615385  12.802787
   1.179487   0.666667  12.560433
   1.179487   0.717949  12.302899
   1.179487   0.769231  12.028672
   1.179487   0.820513  11.736187
   1.179487   0.871795  11.423845
   1.179487   0.923077  11.090038
   1.179487   0.974359  10.733198
   1.179487   1.025641  10.351874
   1.179487   1.076923   9.944844
   1.179487   1.128205   9.511288
   1.179487   1.179487   9.051012
   1.179487   1.230769   8.564756
   1.179487   1.282051   8.054526
   1.179487   1.333333   7.523882
   1.179487   1.384615   6.977968
   1.179487   1.435897   6.422985
   1.179487   1.487179   5.864763
   1.179487   1.538462   5.306486
   1.179487   1.589744   4.746366
   1.179487   1.641026   4.176530
   1.179487   1.692308   3.582376
   1.179487   1.743590   2.940487
   1.179487   1.794872   2.210892
   1.179487   1.846154   1.309436
   1.179487   1.897436   0.000000
   1.179487   1.948718   0.000000
   1.179487   2.000000   0.000000

   1.230769   0.000000  15.000000
   1.230769   0.051282  14.846560
   1.230769   0.102564  14.692163
   1.230769   0.153846  14.535848
   1.230769   0.205128  14.376643
   1.230769   0.256410  14.213562
   1.230769   0.307692  14.045595
   1.230769   0.358974  13.871711
   1.230769   0.410256  13.690847
   1.230769   0.461538  13.501904
   1.230769   0.512821  13.303749
   1.230769   0.564103  13.095204
   1.230769   0.615385  12.875051
   1.230769   0.666667  12.642028
   1.230769   0.717949  12.394832
   1.230769   0.769231  12.132131
   1.230769   0.820513  11.852568
   1.230769   0.871795  11.554791
   1.230769   0.923077  11.237478
   1.230769   0.974359  10.899394
   1.230769   1.025641  10.539453
   1.230769   1.076923  10.156822
   1.230769   1.128205   9.751049
   1.230769   1.179487   9.322220
   1.230769   1.230769   8.871144
   1.230769   1.282051   8.399502
   1.230769   1.333333   7.909918
   1.230769   1.384615   7.405800
   1.230769   1.435897   6.890825
   1.230769   1.487179   6.367964
   1.230769   1.538462   5.838161
   1.230769   1.589744   5.299054
   1.230769   1.641026   4.744204
   1.230769   1.692308   4.162689
   1.230769   1.743590   3.538778
   1.230769   1.794872   2.852181
   1.230769   1.846154   2.084314
   1.230769   1.897436   1.263032
   1.230769   1.948718   0.725082
   1.230769   2.000000   0.000000

   1.282051   0.000000  15.000000
   1.282051   0.051282  14.852305
   1.282051   0.102564  14.703703
   1.282051   0.153846  14.553285
   1.282051   0.205128  14.400130
   1.282051   0.256410  14.243308
   1.282051   0.307692  14.081869
   1.282051   0.358974  13.914845
   1.282051   0.410256  13.741241
   1.282051   0.461538  13.560037
   1.282051   0.512821  13.370184
   1.282051   0.564103  13.170604
   1.282051   0.615385  12.960186
   1.282051   0.666667  12.737795
   1.282051   0.717949  12.502273
   1.282051   0.769231  12.252452
   1.282051   0.820513  11.987165
   1.282051   0.871795  11.705272
   1.282051   0.923077  11.405692
   1.282051   0.974359  11.087448
   1.282051   1.025641  10.749723
   1.282051   1.076923  10.391943
   1.282051   1.128205  10.013865
   1.282051   1.179487   9.615678
   1.282051   1.230769   9.198098
   1.282051   1.282051   8.762422
   1.282051   1.333333   8.310488
   1.282051   1.384615   7.844488
   1.282051   1.435897   7.366551
   1.282051   1.487179   6.878109
   1.282051   1.538462   6.379138
   1.282051   1.589744   5.867486
   1.282051   1.641026   5.338544
   1.282051   1.692308   4.785397
   1.282051   1.743590   4.199756
   1.282051   1.794872   3.574742
   1.282051   1.846154   2.912607
   1.282051   1.897436   2.242732
   1.282051   1.948718   1.637297
   1.282051   2.000000   1.000000

   1.333333   0.000000  15.000000
   1.333333   0.051282  14.858956
   1.333333   0.102564  14.717060
   1.333333   0.153846  14.573457
   1.333333   0.205128  14.427285
   1.333333   0.256410  14.277672
   1.333333   0.307692  14.123730
   1.333333   0.358974  13.964558
   1.333333   0.410256  13.799235
   1.333333   0.461538  13.626819
   1.333333   0.512821  13.446349
   1.333333   0.564103  13.256841
   1.333333   0.615385  13.057294
   1.333333   0.666667  12.846693
   1.333333   0.717949  12.624015
   1.333333   0.769231  12.388239
   1.333333   0.820513  12.138367
   1.333333   0.871795  11.873441
   1.333333   0.923077  11.592572
   1.333333   0.974359  11.294982
   1.333333   1.025641  10.980049
   1.333333   1.076923  10.647364
   1.333333   1.128205  10.296791
   1.333333   1.179487   9.928529
   1.333333   1.230769   9.543150
   1.333333   1.282051   9.141598
   1.333333   1.333333   8.725126
   1.333333   1.384615   8.295115
   1.333333   1.435897   7.852782
   1.333333   1.487179   7.398784
   1.333333   1.538462   6.932797
   1.333333   1.589744   6.453209
   1.333333   1.641026   5.957089
   1.333333   1.692308   5.440600
   1.333333   1.743590   4.900106
   1.333333   1.794872   4.334423
   1.333333   1.846154   3.748641
   1.333333   1.897436   3.157994
   1.333333   1.948718   2.581372
   1.333333   2.000000   2.000000

   1.384615   0.000000  15.000000
   1.384615   0.051282  14.866459
   1.384615   0.102564  14.732124
   1.384615   0.153846  14.596200
   1.384615   0.205128  14.457883
   1.384615   0.256410  14.316364
   1.384615   0.307692  14.170821
   1.384615   0.358974  14.020423
   1.384615   0.410256  13.864322
   1.384615   0.461538  13.701657
   1.384615   0.512821  13.531551
   1.384615   0.564103  13.353118
   1.384615   0.615385  13.165458
   1.384615   0.666667  12.967670
   1.384615   0.717949  12.758854
   1.384615   0.769231  12.538124
   1.384615   0.820513  12.304626
   1.384615   0.871795  12.057553
   1.384615   0.923077  11.796173
   1.384615   0.974359  11.519860
   1.384615   1.025641  11.228128
   1.384615   1.076923  10.920672
   1.384615   1.128205  10.597408
   1.384615   1.179487  10.258499
   1.384615   1.230769   9.904373
   1.384615   1.282051   9.535697
   1.384615   1.333333   9.153304
   1.384615   1.384615   8.758064
   1.384615   1.435897   8.350678
   1.384615   1.487179   7.931448
   1.384615   1.538462   7.500057
   1.384615   1.589744   7.055463
   1.384615   1.641026   6.596003
   1.384615   1.692308   6.119808
   1.384615   1.743590   5.625645
   1.384615   1.794872   5.114205
   1.384615   1.846154   4.589538
   1.384615   1.897436   4.059231
   1.384615   1.948718   3.530196
   1.384615   2.000000   3.000000

   1.435897   0.000000  15.000000
   1.435897   0.051282  14.874756
   1.435897   0.102564  14.748779
   1.435897   0.153846  14.621335
   1.435897   0.205128  14.491683
   1.435897   0.256410  14.359079
   1.435897   0.307692  14.222769
   1.435897   0.358974  14.081992
   1.435897   0.410256  13.935974
   1.435897   0.461538  13.783934
   1.435897   0.512821  13.625083
   1.435897   0.564103  13.458622
   1.435897   0.615385  13.283752
   1.435897   0.666667  13.099676
   1.435897   0.717949  12.905606
   1.435897   0.769231  12.700778
   1.435897   0.820513  12.484460
   1.435897   0.871795  12.255973
   1.435897   0.923077  12.014709
   1.435897   0.974359  11.760158
   1.435897   1.025641  11.491931
   1.435897   1.076923  11.209790
   1.435897   1.128205  10.913669
   1.435897   1.179487  10.603687
   1.435897   1.230769  10.280148
   1.435897   1.282051   9.943511
   1.435897   1.333333   9.594331
   1.435897   1.384615   9.233159
   1.435897   1.435897   8.860419
   1.435897   1.487179   8.476273
   1.435897   1.538462   8.080521
   1.435897   1.589744   7.672586
   1.435897   1.641026   7.251651
   1.435897   1.692308   6.816984
   1.435897   1.743590   6.368461
   1.435897   1.794872   5.907213
   1.435897   1.846154   5.436075
   1.435897   1.897436   4.959197
   1.435897   1.948718   4.480181
   1.435897   2.000000   4.000000

   1.487179   0.000000  15.000000
   1.487179   0.051282  14.883786
   1.487179   0.102564  14.766902
   1.487179   0.153846  14.648677
   1.487179   0.205128  14.528436
   1.487179   0.256410  14.405500
   1.487179   0.307692  14.279186
   1.487179   0.358974  14.148801
   1.487179   0.410256  14.013648
   1.487179   0.461538  13.873025
   1.487179   0.512821  13.726224
   1.487179   0.564103  13.572535
   1.487179   0.615385  13.411252
   1.487179   0.666667  13.241675
   1.487179   0.717949  13.063119
   1.487179   0.769231  12.874924
   1.487179   0.820513  12.676465
   1.487179   0.871795  12.467170
   1.487179   0.923077  12.246533
   1.487179   0.974359  12.014131
   1.487179   1.025641  11.769649
   1.487179   1.076923  11.512890
   1.487179   1.128205  11.243792
   1.487179   1.179487  10.962433
   1.487179   1.230769  10.669022
   1.487179   1.282051  10.363870
   1.487179   1.333333  10.047349
   1.487179   1.384615   9.719821
   1.487179   1.435897   9.381566
   1.487179   1.487179   9.032706
   1.487179   1.538462   8.673167
   1.487179   1.589744   8.302708
   1.487179   1.641026   7.921033
   1.487179   1.692308   7.528015
   1.487179   1.743590   7.124002
   1.487179   1.794872   6.710113
   1.487179   1.846154   6.288352
   1.487179   1.897436   5.861301
   1.487179   1.948718   5.431332
   1.487179   2.000000   5.000000

   1.538462   0.000000  15.000000
   1.538462   0.051282  14.893485
   1.538462   0.102564  14.786365
   1.538462   0.153846  14.678034
   1.538462   0.205128  14.567884
   1.538462   0.256410  14.455302
   1.538462   0.307692  14.339673
   1.538462   0.358974  14.220378
   1.538462   0.410256  14.096794
   1.538462   0.461538  13.968295
   1.538462   0.512821  13.834253
   1.538462   0.564103  13.694044
   1.538462   0.615385  13.547048
   1.538462   0.666667  13.392654
   1.538462   0.717949  13.230271
   1.538462   0.769231  13.059332
   1.538462   0.820513  12.879307
   1.538462   0.871795  12.689711
   1.538462   0.923077  12.490121
   1.538462   0.974359  12.280187
   1.538462   1.025641  12.059644
   1.538462   1.076923  11.828328
   1.538462   1.128205  11.586176
   1.538462   1.179487  11.333233
   1.538462   1.230769  11.069636
   1.538462   1.282051  10.795599
   1.538462   1.333333  10.511374
   1.538462   1.384615  10.217212
   1.538462   1.435897   9.913319
   1.538462   1.487179   9.599816
   1.538462   1.538462   9.276734
   1.538462   1.589744   8.944047
   1.538462   1.641026   8.601757
   1.538462   1.692308   8.250042
   1.538462   1.743590   7.889420
   1.538462   1.794872   7.520884
   1.538462   1.846154   7.145920
   1.538462   1.897436   6.766321
   1.538462   1.948718   6.383848
   1.538462   2.000000   6.000000

   1.589744   0.000000  15.000000
   1.589744   0.051282  14.903790
   1.589744   0.102564  14.807041
   1.589744   0.153846  14.709212
   1.589744   0.205128  14.609763
   1.589744   0.256410  14.508150
   1.589744   0.307692  14.403826
   1.589744   0.358974  14.296245
   1.589744   0.410256  14.184855
   1.589744   0.461538  14.069107
   1.589744   0.512821  13.948451
   1.589744   0.564103  13.822341
   1.589744   0.615385  13.690240
   1.589744   0.666667  13.551622
   1.589744   0.717949  13.405979
   1.589744   0.769231  13.252828
   1.589744   0.820513  13.091720
   1.589744   0.871795  12.922247
   1.589744   0.923077  12.744054
   1.589744   0.974359  12.556850
   1.589744   1.025641  12.360414
   1.589744   1.076923  12.154602
   1.589744   1.128205  11.939353
   1.589744   1.179487  11.714687
   1.589744   1.230769  11.480692
   1.589744   1.282051  11.237516
   1.589744   1.333333  10.985336
   1.589744   1.384615  10.724336
   1.589744   1.435897  10.454682
   1.589744   1.487179  10.176506
   1.589744   1.538462   9.889908
   1.589744   1.589744   9.594987
   1.589744   1.641026   9.291906
   1.589744   1.692308   8.980977
   1.589744   1.743590   8.662750
   1.589744   1.794872   8.338083
   1.589744   1.846154   8.008124
   1.589744   1.897436   7.674215
   1.589744   1.948718   7.337737
   1.589744   2.000000   7.000000

   1.641026   0.000000  15.000000
   1.641026   0.051282  14.914634
   1.641026   0.102564  14.828795
   1.641026   0.153846  14.742011
   1.641026   0.205128  14.653807
   1.641026   0.256410  14.563708
   1.641026   0.307692  14.471238
   1.641026   0.358974  14.375920
   1.641026   0.410256  14.277275
   1.641026   0.461538  14.174827
   1.641026   0.512821  14.068102
   1.641026   0.564103  13.956630
   1.641026   0.615385  13.839951
   1.641026   0.666667  13.717617
   1.641026   0.717949  13.589197
   1.641026   0.769231  13.454283
   1.641026   0.820513  13.312498
   1.641026   0.871795  13.163502
   1.641026   0.923077  13.007000
   1.641026   0.974359  12.842748
   1.641026   1.025641  12.670559
   1.641026   1.076923  12.490313
   1.641026   1.128205  12.301948
   1.641026   1.179487  12.105468
   1.641026   1.230769  11.900931
   1.641026   1.282051  11.688437
   1.641026   1.333333  11.468117
   1.641026   1.384615  11.240113
   1.641026   1.435897  11.004569
   1.641026   1.487179  10.761619
   1.641026   1.538462  10.511404
   1.641026   1.589744  10.254088
   1.641026   1.641026   9.989905
   1.641026   1.692308   9.719208
   1.641026   1.743590   9.442523
   1.641026   1.794872   9.160574
   1.641026   1.846154   8.874277
   1.641026   1.897436   8.584679
   1.641026   1.948718   8.292886
   1.641026   2.000000   8.000000

   1.692308   0.000000  15.000000
   1.692308   0.051282  14.925950
   1.692308   0.102564  14.851495
   1.692308   0.153846  14.776229
   1.692308   0.205128  14.699746
   1.692308   0.256410  14.621638
   1.692308   0.307692  14.541499
   1.692308   0.358974  14.458922
   1.692308   0.410256  14.373499
   1.692308   0.461538  14.284825
   1.692308   0.512821  14.192500
   1.692308   0.564103  14.096126
   1.692308   0.615385  13.995317
   1.692308   0.666667  13.889698
   1.692308   0.717949  13.778908
   1.692308   0.769231  13.662608
   1.692308   0.820513  13.540488
   1.692308   0.871795  13.412265
   1.692308   0.923077  13.277696
   1.692308   0.974359  13.136581
   1.692308   1.025641  12.988764
   1.692308   1.076923  12.834142
   1.692308   1.128205  12.672659
   1.692308   1.179487  12.504308
   1.692308   1.230769  12.329126
   1.692308   1.282051  12.147185
   1.692308   1.333333  11.958582
   1.692308   1.384615  11.763432
   1.692308   1.435897  11.561859
   1.692308   1.487179  11.353998
   1.692308   1.538462  11.140002
   1.692308   1.589744  10.920057
   1.692308   1.641026  10.694417
   1.692308   1.692308  10.463428
   1.692308   1.743590  10.227558
   1.692308   1.794872   9.987415
   1.692308   1.846154   9.743731
   1.692308   1.897436   9.497339
   1.692308   1.948718   9.249126
   1.692308   2.000000   9.000000

   1.743590   0.000000  15.000000
   1.743590   0.051282  14.937672
   1.743590   0.102564  14.875007
   1.743590   0.153846  14.811665
   1.743590   0.205128  14.747309
   1.743590   0.256410  14.681600
   1.743590   0.307692  14.614199
   1.743590   0.358974  14.544770
   1.743590   0.410256  14.472973
   1.743590   0.461538  14.398476
   1.743590   0.512821  14.320946
   1.743590   0.564103  14.240058
   1.743590   0.615385  14.155495
   1.743590   0.666667  14.066949
   1.743590   0.717949  13.974128
   1.743590   0.769231  13.876756
   1.743590   0.820513  13.774580
   1.743590   0.871795  13.667374
   1.743590   0.923077  13.554940
   1.743590   0.974359  13.437116
   1.743590   1.025641  13.313775
   1.743590   1.076923  13.184832
   1.743590   1.128205  13.050237
   1.743590   1.179487  12.909979
   1.743590   1.230769  12.764082
   1.743590   1.282051  12.612596
   1.743590   1.333333  12.455595
   1.743590   1.384615  12.293174
   1.743590   1.435897  12.125438
   1.743590   1.487179  11.952513
   1.743590   1.538462  11.774547
   1.743590   1.589744  11.591723
   1.743590   1.641026  11.404279
   1.743590   1.692308  11.212527
   1.743590   1.743590  11.016867
   1.743590   1.794872  10.817795
   1.743590   1.846154  10.615894
   1.743590   1.897436  10.411821
   1.743590   1.948718  10.206280
   1.743590   2.000000  10.000000

   1.794872   0.000000  15.000000
   1.794872   0.051282  14.949732
   1.794872   0.102564  14.899194
   1.794872   0.153846  14.848115
   1.794872   0.205128  14.796225
   1.794872   0.256410  14.743253
   1.794872   0.307692  14.688929
   1.794872   0.358974  14.632984
   1.794872   0.410256  14.575149
   1.794872   0.461538  14.515159
   1.794872   0.512821  14.452751
   1.794872   0.564103  14.387667
   1.794872   0.615385  14.319656
   1.794872   0.666667  14.248477
   1.794872   0.717949  14.173899
   1.794872   0.769231  14.095708
   1.794872   0.820513  14.013704
   1.794872   0.871795  13.927710
   1.794872   0.923077  13.837574
   1.794872   0.974359  13.743167
   1.794872   1.025641  13.644390
   1.794872   1.076923  13.541174
   1.794872   1.128205  13.433478
   1.794872   1.179487  13.321291
   1.794872   1.230769  13.204626
   1.794872   1.282051  13.083520
   1.794872   1.333333  12.958030
   1.794872   1.384615  12.828230
   1.794872   1.435897  12.694207
   1.794872   1.487179  12.556070
   1.794872   1.538462  12.413950
   1.794872   1.589744  12.268007
   1.794872   1.641026  12.118449
   1.794872   1.692308  11.965535
   1.794872   1.743590  11.809590
   1.794872   1.794872  11.651003
   1.794872   1.846154  11.490228
   1.794872   1.897436  11.327771
   1.794872   1.948718  11.164173
   1.794872   2.000000  11.000000

   1.846154   0.000000  15.000000
   1.846154   0.051282  14.962063
   1.846154   0.102564  14.923922
   1.846154   0.153846  14.885377
   1.846154   0.205128  14.846223
   1.846154   0.256410  14.806258
   1.846154   0.307692  14.765280
   1.846154   0.358974  14.723088
   1.846154   0.410256  14.679481
   1.846154   0.461538  14.634260
   1.846154   0.512821  14.587231
   1.846154   0.564103  14.538201
   1.846154   0.615385  14.486985
   1.846154   0.666667  14.433403
   1.846154   0.717949  14.377285
   1.846154   0.769231  14.318472
   1.846154   0.820513  14.256817
   1.846154   0.871795  14.192191
   1.846154   0.923077  14.124479
   1.846154   0.974359  14.053588
   1.846154   1.025641  13.979445
   1.846154   1.076923  13.901996
   1.846154   1.128205  13.821211
   1.846154   1.179487  13.737080
   1.846154   1.230769  13.649611
   1.846154   1.282051  13.558829
   1.846154   1.333333  13.464776
   1.846154   1.384615  13.367507
   1.846154   1.435897  13.267090
   1.846154   1.487179  13.163612
   1.846154   1.538462  13.057174
   1.846154   1.589744  12.947908
   1.846154   1.641026  12.835975
   1.846154   1.692308  12.721575
   1.846154   1.743590  12.604953
   1.846154   1.794872  12.486399
   1.846154   1.846154  12.366245
   1.846154   1.897436  12.244861
   1.846154   1.948718  12.122641
   1.846154   2.000000  12.000000

   1.897436   0.000000  15.000000
   1.897436   0.051282  14.974596
   1.897436   0.102564  14.949056
   1.897436   0.153846  14.923247
   1.897436   0.205128  14.897032
   1.897436   0.256410  14.870276
   1.897436   0.307692  14.842846
   1.897436   0.358974  14.814607
   1.897436   0.410256  14.785426
   1.897436   0.461538  14.755171
   1.897436   0.512821  14.723712
   1.897436   0.564103  14.690923
   1.897436   0.615385  14.656680
   1.897436   0.666667  14.620865
   1.897436   0.717949  14.583366
   1.897436   0.769231  14.544077
   1.897436   0.820513  14.502902
   1.897436   0.871795  14.459756
   1.897436   0.923077  14.414563
   1.897436   0.974359  14.367262
   1.897436   1.025641  14.317804
   1.897436   1.076923  14.266154
   1.897436   1.128205  14.212291
   1.897436   1.179487  14.156208
   1.897436   1.230769  14.097909
   1.897436   1.282051  14.037410
   1.897436   1.333333  13.974739
   1.897436   1.384615  13.909932
   1.897436   1.435897  13.843036
   1.897436   1.487179  13.774111
   1.897436   1.538462  13.703228
   1.897436   1.589744  13.630476
   1.897436   1.641026  13.555968
   1.897436   1.692308  13.479837
   1.897436   1.743590  13.402249
   1.897436   1.794872  13.323395
   1.897436   1.846154  13.243493
   1.897436   1.897436  13.162786
   1.897436   1.948718  13.081531
   1.897436   2.000000  13.000000

   1.948718   0.000000  15.000000
   1.948718   0.051282  14.987264
   1.948718   0.102564  14.974461
   1.948718   0.153846  14.961522
   1.948718   0.205128  14.948381
   1.948718   0.256410  14.934969
   1.948718   0.307692  14.921221
   1.948718   0.358974  14.907068
   1.948718   0.410256  14.892445
   1.948718   0.461538  14.877285
   1.948718   0.512821  14.861524
   1.948718   0.564103  14.845099
   1.948718   0.615385  14.827948
   1.948718   0.666667  14.810012
   1.948718   0.717949  14.791237
   1.948718   0.769231  14.771568
   1.948718   0.820513  14.750960
   1.948718   0.871795  14.729368
   1.948718   0.923077  14.706756
   1.948718   0.974359  14.683094
   1.948718   1.025641  14.658356
   1.948718   1.076923  14.632526
   1.948718   1.128205  14.605592
   1.948718   1.179487  14.577551
   1.948718   1.230769  14.548406
   1.948718   1.282051  14.518163
   1.948718   1.333333  14.486837
   1.948718   1.384615  14.454445
   1.948718   1.435897  14.421012
   1.948718   1.487179  14.386568
   1.948718   1.538462  14.351149
   1.948718   1.589744  14.314802
   1.948718   1.641026  14.277582
   1.948718   1.692308  14.239558
   1.948718   1.743590  14.200811
   1.948718   1.794872  14.161438
   1.948718   1.846154  14.121547
   1.948718   1.897436  14.081258
   1.948718   1.948718  14.040697
   1.948718   2.000000  14.000000

   2.000000   0.000000  15.000000
   2.000000   0.051282  15.000000
   2.000000   0.102564  15.000000
   2.000000   0.153846  15.000000
   2.000000   0.205128  15.000000
   2.000000   0.256410  15.000000
   2.000000   0.307692  15.000000
   2.000000   0.358974  15.000000
   2.000000   0.410256  15.000000
   2.000000   0.461538  15.000000
   2.000000   0.512821  15.000000
   2.000000   0.564103  15.000000
   2.000000   0.615385  15.000000
   2.000000   0.666667  15.000000
   2.000000   0.717949  15.000000
   2.000000   0.769231  15.000000
   2.000000   0.820513  15.000000
   2.000000   0.871795  15.000000
   2.000000   0.923077  15.000000
   2.000000   0.974359  15.000000
   2.000000   1.025641  15.000000
   2.000000   1.076923  15.000000
   2.000000   1.128205  15.000000
   2.000000   1.179487  15.000000
   2.000000   1.230769  15.000000
   2.000000   1.282051  15.000000
   2.000000   1.333333  15.000000
   2.000000   1.384615  15.000000
   2.000000   1.435897  15.000000
   2.000000   1.487179  15.000000
   2.000000   1.538462  15.000000
   2.000000   1.589744  15.000000
   2.000000   1.641026  15.000000
   2.000000   1.692308  15.000000
   2.000000   1.743590  15.000000
   2.000000   1.794872  15.000000
   2.000000   1.846154  15.000000
   2.000000   1.897436  15.000000
   2.000000   1.948718  15.000000
   2.000000   2.000000  15.000000

