   1.0000000000000000                1
  0.44444444444275177                2
  0.24691358017156517                3
  0.15912208367340952                4
  0.11278767023771508                5
   8.7994530116481506E-002           6
   7.4626345813621597E-002           7
   6.4125131330241780E-002           8
   5.5768848422460771E-002           9
   4.9021900806161423E-002          10
   4.3848347685934375E-002          11
   4.0275205673458103E-002          12
   3.7105185291357534E-002          13
   3.4285396872488327E-002          14
   3.1769089614584134E-002          15
   2.9518342069712933E-002          16
   2.7510548202150042E-002          17
   2.5755176584127071E-002          18
   2.4413026015178918E-002          19
   2.3162996857171381E-002          20
   2.1998563181923947E-002          21
   2.0913374881984303E-002          22
   1.9901385756547096E-002          23
   1.8956918905264075E-002          24
   1.8074693563039368E-002          25
   1.7249828385301758E-002          26
   1.6477830638004676E-002          27
   1.5856874537115040E-002          28
   1.5268622199304360E-002          29
   1.4709037935924485E-002          30
   1.4176709806322574E-002          31
   1.3670242877468208E-002          32
   1.3188275971446117E-002          33
   1.2729493025336103E-002          34
   1.2293192430250510E-002          35
   1.1879911034396118E-002          36
   1.1485871560407812E-002          37
   1.1110014455805395E-002          38
   1.0778412327844933E-002          39
   1.0474961157990403E-002          40
   1.0182767056014619E-002          41
   9.9014019093606187E-003          42
   9.6304426387519015E-003          43
   9.3694739246541481E-003          44
   9.1180902464622626E-003          45
   8.8758973708291666E-003          46
   8.6425133994985082E-003          47
   8.4175694659553990E-003          48
   8.2007101532308724E-003          49
   7.9915936914285446E-003          50
   7.7898919824119783E-003          51
   7.6018846429894982E-003          52
   7.4324505859897361E-003          53
   7.2680421634796488E-003          54
   7.1085000134274434E-003          55
   6.9536673295029772E-003          56
   6.8033903304858256E-003          57
   6.6575186245467766E-003          58
   6.5159054855770115E-003          59
   6.3784080560467249E-003          60
   6.2448874886602557E-003          61
   6.1152090371674461E-003          62
   5.9892421050826705E-003          63
   5.8668602597302666E-003          64
   5.7479412178547129E-003          65
   5.6323668080948686E-003          66
   5.5202728487533381E-003          67
   5.4203481468970693E-003          68
   5.3228387338832839E-003          69
   5.2276795155465905E-003          70
   5.1348065959961886E-003          71
   5.0441573575898957E-003          72
   4.9556705230693332E-003          73
   4.8692862023500538E-003          74
   4.7849459261146698E-003          75
   4.7025926681127928E-003          76
   4.6221708577962595E-003          77
   4.5436263847202785E-003          78
   4.4669065959612730E-003          79
   4.3919602876276720E-003          80
   4.3187376914115561E-003          81
   4.2471904569931773E-003          82
   4.1772716310179980E-003          83
   4.1089356332550953E-003          84
   4.0454937579152972E-003          85
   3.9849259942488224E-003          86
   3.9255626447678438E-003          87
   3.8673759723950596E-003          88
   3.8103387771144526E-003          89
   3.7544244055447429E-003          90
   3.6996067575638669E-003          91
   3.6458602903395310E-003          92
   3.5931600201095648E-003          93
   3.5414815219874107E-003          94
   3.4908009280614216E-003          95
   3.4410949240124555E-003          96
   3.3923407444558240E-003          97
   3.3445161671918910E-003          98
   3.2975995065220864E-003          99
   3.2515696057753285E-003         100
   3.2064058291734199E-003         101
   3.1620880531471052E-003         102
   3.1185966571978252E-003         103
   3.0766548383096559E-003         104
   3.0374568728244178E-003         105
   2.9989104872805150E-003         106
   2.9610029728508458E-003         107
   2.9237218467381698E-003         108
   2.8870548531849671E-003         109
   2.8509899638580194E-003         110
   2.8155153776716624E-003         111
   2.7806195201196537E-003         112
   2.7462910421705011E-003         113
   2.7125188187759885E-003         114
   2.6792919470428611E-003         115
   2.6465997441105227E-003         116
   2.6144317447673870E-003         117
   2.5827776988469608E-003         118
   2.5516275684340783E-003         119
   2.5209715249019382E-003         120
   2.4907999458161356E-003         121
   2.4611034117216768E-003         122
   2.4318727028322940E-003         123
   2.4030987956473737E-003         124
   2.3747728595047146E-003         125
   2.3481095365460725E-003         126
   2.3221915312681141E-003         127
   2.2966382623517134E-003         128
   2.2714436846387187E-003         129
   2.2466018498170648E-003         130
   2.2221069061629795E-003         131
   2.1979530981419693E-003         132
   2.1741347658927879E-003         133
   2.1506463446034907E-003         134
   2.1274823637886797E-003         135
   2.1046374464854800E-003         136
   2.0821063083698022E-003         137
   2.0598837568071016E-003         138
   2.0379646898451842E-003         139
   2.0163440951537215E-003         140
   1.9950170489204666E-003         141
   1.9739787147101673E-003         142
   1.9532243422875073E-003         143
   1.9327492664156232E-003         144
   1.9125489056317502E-003         145
   1.8926187610022183E-003         146
   1.8729544148652355E-003         147
   1.8535515295616811E-003         148
   1.8345556176635469E-003         149
   1.8166080140857854E-003         150
   1.7988784618221398E-003         151
   1.7813638679275989E-003         152
   1.7640611824016883E-003         153
   1.7469673980097244E-003         154
   1.7300795500692079E-003         155
   1.7133947162011331E-003         156
   1.6969100160517669E-003         157
   1.6806226109893352E-003         158
   1.6645297037722884E-003         159
   1.6486285382000254E-003         160
   1.6329163987383044E-003         161
   1.6173906101344393E-003         162
   1.6020485370091819E-003         163
   1.5868875834390561E-003         164
   1.5719051925284777E-003         165
   1.5570988459652213E-003         166
   1.5424660635721121E-003         167
   1.5280044028487261E-003         168
   1.5137114585073164E-003         169
   1.4995848620023011E-003         170
   1.4856222810564201E-003         171
   1.4718214191828949E-003         172
   1.4581800152055902E-003         173
   1.4446958427773993E-003         174
   1.4315843188303923E-003         175
   1.4189855203559087E-003         176
   1.4065207572714344E-003         177
   1.3941883777689457E-003         178
   1.3819867500496352E-003         179
   1.3699142622296545E-003         180
   1.3579693222354194E-003         181
   1.3461503576887024E-003         182
   1.3344558157830644E-003         183
   1.3228841631536259E-003         184
   1.3114338857362906E-003         185
   1.3001034886235274E-003         186
   1.2888914959128250E-003         187
   1.2777964505477080E-003         188
   1.2668169141567542E-003         189
   1.2559514668870619E-003         190
   1.2451987072330528E-003         191
   1.2345572518615011E-003         192
   1.2240257354356743E-003         193
   1.2136028104323682E-003         194
   1.2032871469627171E-003         195
   1.1930774325841220E-003         196
   1.1829723721161756E-003         197
   1.1729706874510359E-003         198
   1.1630711173646890E-003         199
   1.1532724173282105E-003         200
   1.1435733593150310E-003         201
   1.1339727316095338E-003         202
   1.1245374242805362E-003         203
   1.1154902784789034E-003         204
   1.1065285644232814E-003         205
   1.0976513525760012E-003         206
   1.0888577233980623E-003         207
   1.0801467673027254E-003         208
   1.0715175846065517E-003         209
   1.0629692854761119E-003         210
   1.0545009898721425E-003         211
   1.0461118274913694E-003         212
   1.0378009377030040E-003         213
   1.0295674694875689E-003         214
   1.0214105813686203E-003         215
   1.0133294413454674E-003         216
   1.0053232268226742E-003         217
   9.9739112453800516E-004         218
   9.8953233048959532E-004         219
   9.8174604986023262E-004         220
   9.7403149694130775E-004         221
   9.6638789505609779E-004         222
   9.5881447647960805E-004         223
   9.5131048236074545E-004         224
   9.4387516264160531E-004         225
   9.3650777597586998E-004         226
   9.2920758964787353E-004         227
   9.2197387948989018E-004         228
   9.1480592979986675E-004         229
   9.0770303325760082E-004         230
   9.0066449084269529E-004         231
   8.9368961174951522E-004         232
   8.8677771330503141E-004         233
   8.7992812088311112E-004         234
   8.7333123506838639E-004         235
   8.6681996592408161E-004         236
   8.6036373139397604E-004         237
   8.5396199820186869E-004         238
   8.4761423835444383E-004         239
   8.4131992911296027E-004         240
   8.3507855296438560E-004         241
   8.2888959758953273E-004         242
   8.2275255583141860E-004         243
   8.1666692566251253E-004         244
   8.1063221015131859E-004         245
   8.0464791742773656E-004         246
   7.9871356064686871E-004         247
   7.9282865795482493E-004         248
   7.8699273245075307E-004         249
   7.8120531214986855E-004         250
   7.7546592994637287E-004         251
   7.6977412357415176E-004         252
   7.6412943556936064E-004         253
   7.5853141323078965E-004         254
   7.5297960857967361E-004         255
   7.4747357832161132E-004         256
   7.4201288380526531E-004         257
   7.3659709098239379E-004         258
   7.3122577036766057E-004         259
   7.2589849699777886E-004         260
   7.2061485039109918E-004         261
   7.1537441450542083E-004         262
   7.1017677769880105E-004         263
   7.0502153268736656E-004         264
   6.9990827650423526E-004         265
   6.9483661045854905E-004         266
   6.8980614009461760E-004         267
   6.8481647515006294E-004         268
   6.7986722951596246E-004         269
   6.7495802119443837E-004         270
   6.7014215652649867E-004         271
   6.6543609983427121E-004         272
   6.6076604582010479E-004         273
   6.5613168459743854E-004         274
   6.5153270912232664E-004         275
   6.4696881517467553E-004         276
   6.4243970133914807E-004         277
   6.3794506898573466E-004         278
   6.3348462225054636E-004         279
   6.2905806801549780E-004         280
   6.2466511588832319E-004         281
   6.2030547818225923E-004         282
   6.1597886989572803E-004         283
   6.1168500869179798E-004         284
   6.0742361487708951E-004         285
   6.0319441138068086E-004         286
   5.9899712373390201E-004         287
   5.9483148004912945E-004         288
   5.9069721099724859E-004         289
   5.8659404978789187E-004         290
   5.8252173214801140E-004         291
   5.7847999629945246E-004         292
   5.7446858293863645E-004         293
   5.7048723521468947E-004         294
   5.6653569870790399E-004         295
   5.6261372140897770E-004         296
   5.5872105369680902E-004         297
   5.5485744831762496E-004         298
   5.5102266036310965E-004         299
   5.4721644724975427E-004         300
   5.4343856869731866E-004         301
   5.3968878670718201E-004         302
   5.3596686554191475E-004         303
   5.3227257170362918E-004         304
   5.2860567391321833E-004         305
   5.2496594308948374E-004         306
   5.2135315232781920E-004         307
   5.1776707687989365E-004         308
   5.1420749413311206E-004         309
   5.1067418358918815E-004         310
   5.0716692684504849E-004         311
   5.0368550757107222E-004         312
   5.0022971149166207E-004         313
   4.9679932636514934E-004         314
   4.9339414196336584E-004         315
   4.9001395005188186E-004         316
   4.8665854437035527E-004         317
   4.8337088417294005E-004         318
   4.8012402135200194E-004         319
   4.7689997093736114E-004         320
   4.7369855953771633E-004         321
   4.7051961519606333E-004         322
   4.6736296738014715E-004         323
   4.6422844697036059E-004         324
   4.6111588624930810E-004         325
   4.5802511889025954E-004         326
   4.5495597994638093E-004         327
   4.5190830584018737E-004         328
   4.4888193435110857E-004         329
   4.4587670460594087E-004         330
   4.4289245706674585E-004         331
   4.3992903352119139E-004         332
   4.3698627707011717E-004         333
   4.3406403211743161E-004         334
   4.3116214435945377E-004         335
   4.2828046077381110E-004         336
   4.2541882960844823E-004         337
   4.2257710037107987E-004         338
   4.1975512381886571E-004         339
   4.1695275194708614E-004         340
   4.1416983797915030E-004         341
   4.1140623635504969E-004         342
   4.0866180272280950E-004         343
   4.0593639392583203E-004         344
   4.0322986799412597E-004         345
   4.0054208413309311E-004         346
   3.9787290271386944E-004         347
   3.9522218526233388E-004         348
   3.9258979445011555E-004         349
   3.8997559408326943E-004         350
   3.8737944909350563E-004         351
   3.8480122552719820E-004         352
   3.8224079053594817E-004         353
   3.7969801236703571E-004         354
   3.7717276035320602E-004         355
   3.7466490490367654E-004         356
   3.7217431749292373E-004         357
   3.6970087065379964E-004         358
   3.6724443796543049E-004         359
   3.6480489404566718E-004         360
   3.6238211454042712E-004         361
   3.5997597611570065E-004         362
   3.5758635644800307E-004         363
   3.5521313421393863E-004         364
   3.5285618908331706E-004         365
   3.5051540170871753E-004         366
   3.4819065371727298E-004         367
   3.4588182770134424E-004         368
   3.4358880721052643E-004         369
   3.4131147674210105E-004         370
   3.3904972173326442E-004         371
   3.3680342855180179E-004         372
   3.3457248448864885E-004         373
   3.3235677774867689E-004         374
   3.3015619744258817E-004         375
   3.2797063357903333E-004         376
   3.2579997705584063E-004         377
   3.2364411965302153E-004         378
   3.2150295402311180E-004         379
   3.1937637368462113E-004         380
   3.1726427301448368E-004         381
   3.1516654723817705E-004         382
   3.1308309242417121E-004         383
   3.1101380547537971E-004         384
   3.0895858412138821E-004         385
   3.0691732691190410E-004         386
   3.0488993320731961E-004         387
   3.0287630317404890E-004         388
   3.0087633777509115E-004         389
   2.9888993876381331E-004         390
   2.9691700867640058E-004         391
   2.9496755164770683E-004         392
   2.9303960167814669E-004         393
   2.9112441670664513E-004         394
   2.8922190984792540E-004         395
   2.8733199483776950E-004         396
   2.8545458602791118E-004         397
   2.8358959838192810E-004         398
   2.8173694747057887E-004         399
   2.7989654946702913E-004         400
   2.7806832114185553E-004         401
   2.7625217986015915E-004         402
   2.7444804357568131E-004         403
   2.7265583082625167E-004         404
   2.7087546073056856E-004         405
   2.6910685298275894E-004         406
   2.6734992784893663E-004         407
   2.6560460616165127E-004         408
   2.6387080931677964E-004         409
   2.6214845926897379E-004         410
   2.6043747852733112E-004         411
   2.5873779015084253E-004         412
   2.5704931774495066E-004         413
   2.5537198545688700E-004         414
   2.5370571797189712E-004         415
   2.5205044050891079E-004         416
   2.5040607881665622E-004         417
   2.4877255916977425E-004         418
   2.4714980836448852E-004         419
   2.4553775371494169E-004         420
   2.4393632304986479E-004         421
   2.4234544470669306E-004         422
   2.4076504753001160E-004         423
   2.3919506086689246E-004         424
   2.3763541456256476E-004         425
   2.3608603895697300E-004         426
   2.3454686488144638E-004         427
   2.3301782365492407E-004         428
   2.3149884707907020E-004         429
   2.2998986743671956E-004         430
   2.2849081748643751E-004         431
   2.2700163045974442E-004         432
   2.2552224005756294E-004         433
   2.2405258044622123E-004         434
   2.2259258625445533E-004         435
   2.2114219256974543E-004         436
   2.1970133493454114E-004         437
   2.1826994934370791E-004         438
   2.1684797223997521E-004         439
   2.1543534051138291E-004         440
   2.1403199148761765E-004         441
   2.1263786293690412E-004         442
   2.1125289306234141E-004         443
   2.0987702049901635E-004         444
   2.0851018431067292E-004         445
   2.0715232398593741E-004         446
   2.0580337943643112E-004         447
   2.0446329099232941E-004         448
   2.0313199939958615E-004         449
   2.0180944581715821E-004         450
   2.0049557181378574E-004         451
   1.9919031936432852E-004         452
   1.9789363084787848E-004         453
   1.9660544904387400E-004         454
   1.9532571712921332E-004         455
   1.9405437867514586E-004         456
   1.9279137764549592E-004         457
   1.9153665839177769E-004         458
   1.9029016565230705E-004         459
   1.8905184454798274E-004         460
   1.8782164057951078E-004         461
   1.8659949962551714E-004         462
   1.8538536793910598E-004         463
   1.8417919214464007E-004         464
   1.8298091923596438E-004         465
   1.8179049657307544E-004         466
   1.8060787187934579E-004         467
   1.7943299323941453E-004         468
   1.7826580909552359E-004         469
   1.7710626824607445E-004         470
   1.7595431984185339E-004         471
   1.7480991338447716E-004         472
   1.7367299872306230E-004         473
   1.7254352605178269E-004         474
   1.7142144590798214E-004         475
   1.7030670916828861E-004         476
   1.6919926704761501E-004         477
   1.6809907109593958E-004         478
   1.6700607319575234E-004         479
   1.6592022555994568E-004         480
   1.6484148072870575E-004         481
   1.6376979156884630E-004         482
   1.6270511126892373E-004         483
   1.6164739333901501E-004         484
   1.6059659160727602E-004         485
   1.5955266021783210E-004         486
   1.5851555362866865E-004         487
   1.5748522660896658E-004         488
   1.5646163423754800E-004         489
   1.5544473189965657E-004         490
   1.5443447528529219E-004         491
   1.5343082038743461E-004         492
   1.5243372349871276E-004         493
   1.5144314121007252E-004         494
   1.5045903040855624E-004         495
   1.4948134827474924E-004         496
   1.4851005228133651E-004         497
   1.4754510018977207E-004         498
   1.4658645004983484E-004         499
   1.4563406019640901E-004         500
   1.4468788924726361E-004         501
   1.4374789610216432E-004         502
   1.4281403993954278E-004         503
   1.4188628021549743E-004         504
   1.4096457666146200E-004         505
   1.4004888928143000E-004         506
   1.3913917835162160E-004         507
   1.3823540441715298E-004         508
   1.3733752829037105E-004         509
   1.3644551104974312E-004         510
   1.3555931403685939E-004         511
   1.3467889885543372E-004         512
   1.3380422736841702E-004         513
   1.3293526169777525E-004         514
   1.3207196422038159E-004         515
   1.3121429756846048E-004         516
   1.3036222462647906E-004         517
   1.2951570852937078E-004         518
   1.2867471266120312E-004         519
   1.2783920065317922E-004         520
   1.2700913638186151E-004         521
   1.2618448396795046E-004         522
   1.2536520777306492E-004         523
   1.2455127239996422E-004         524
   1.2374264268955049E-004         525
   1.2293928371953644E-004         526
   1.2214116080311310E-004         527
   1.2134823948661833E-004         528
   1.2056048554809351E-004         529
   1.1977786499617338E-004         530
   1.1900034406775450E-004         531
   1.1822788922666305E-004         532
   1.1746046716276659E-004         533
   1.1669804478864343E-004         534
   1.1594058923991568E-004         535
   1.1518806787247371E-004         536
   1.1444044826092181E-004         537
   1.1369769819835618E-004         538
   1.1295978569314524E-004         539
   1.1222667896815253E-004         540
   1.1149834645962642E-004         541
   1.1077475681520177E-004         542
   1.1005587889201252E-004         543
   1.0934168175669168E-004         544
   1.0863213468215172E-004         545
   1.0792720714714044E-004         546
   1.0722686883490873E-004         547
   1.0653108963110114E-004         548
   1.0583983962297872E-004         549
   1.0515308909764265E-004         550
   1.0447080854092405E-004         551
   1.0379296863538556E-004         552
   1.0311954025987724E-004         553
   1.0245049448753818E-004         554
   1.0178580258446424E-004         555
   1.0112543600881985E-004         556
   1.0046936640883963E-004         557
   9.9817565622051241E-005         558
   9.9170005673721029E-005         559
   9.8526658775632825E-005         560
   9.7887497324755657E-005         561
   9.7252493901578418E-005         562
   9.6621621269998847E-005         563
   9.5994852374658990E-005         564
   9.5372160340723156E-005         565
   9.4753518471990539E-005         566
   9.4138900249673974E-005         567
   9.3528279331844821E-005         568
   9.2921629551767637E-005         569
   9.2318924916234835E-005         570
   9.1720139605566686E-005         571
   9.1125247970502699E-005         572
   9.0534224533533880E-005         573
   8.9947043985461050E-005         574
   8.9363681185616883E-005         575
   8.8784111160311596E-005         576
   8.8208309101056592E-005         577
   8.7636250364564461E-005         578
   8.7067910471194665E-005         579
   8.6503265102955140E-005         580
   8.5942290103946384E-005         581
   8.5384961477696919E-005         582
   8.4831255387385340E-005         583
   8.4281148154063956E-005         584
   8.3734616255326522E-005         585
   8.3191636325086193E-005         586
   8.2652185151577129E-005         587
   8.2116239677132441E-005         588
   8.1583776996629886E-005         589
   8.1054774356270620E-005         590
   8.0529209153246128E-005         591
   8.0007058934183917E-005         592
   7.9488301393704219E-005         593
   7.8972914375308179E-005         594
   7.8460875867492064E-005         595
   7.7952164004968516E-005         596
   7.7446757067001215E-005         597
   7.6944633476516699E-005         598
   7.6445771798772100E-005         599
   7.5950150740577982E-005         600
   7.5457749149410169E-005         601
   7.4968546012743609E-005         602
   7.4482520456609080E-005         603
   7.3999651744482975E-005         604
   7.3519919277065249E-005         605
   7.3043302591169201E-005         606
   7.2569785324771985E-005         607
   7.2099346686282928E-005         608
   7.1631963079243910E-005         609
   7.1167614577927196E-005         610
   7.0706281387833414E-005         611
   7.0247943845025418E-005         612
   6.9792582414907045E-005         613
   6.9340177691668003E-005         614
   6.8890710397395694E-005         615
   6.8444161381409074E-005         616
   6.8000511618482307E-005         617
   6.7559742209066798E-005         618
   6.7121834378292000E-005         619
   6.6686769474300078E-005         620
   6.6254528968467952E-005         621
   6.5825094453408894E-005         622
   6.5398447644193780E-005         623
   6.4974570374465301E-005         624
   6.4553444598436371E-005         625
   6.4135052388780700E-005         626
   6.3719375935966660E-005         627
   6.3306397547702176E-005         628
   6.2896099647491432E-005         629
   6.2488464775189989E-005         630
   6.2083475584451264E-005         631
   6.1681114843725737E-005         632
   6.1281365434262547E-005         633
   6.0884210349776424E-005         634
   6.0489632695670537E-005         635
   6.0097615688370354E-005         636
   5.9708142654435470E-005         637
   5.9321197030004491E-005         638
   5.8936762359795836E-005         639
   5.8554822296774667E-005         640
   5.8175360600709602E-005         641
   5.7798361138505783E-005         642
   5.7423807882428513E-005         643
   5.7051684910103262E-005         644
   5.6681976403849532E-005         645
   5.6314666649237566E-005         646
   5.5949740035199369E-005         647
   5.5587181053029511E-005         648
   5.5226974295274900E-005         649
   5.4869104456289897E-005         650
   5.4513556329904844E-005         651
   5.4160314810425270E-005         652
   5.3809364890189393E-005         653
   5.3460691660678350E-005         654
   5.3114280310739836E-005         655
   5.2770116126255040E-005         656
   5.2428184489361485E-005         657
   5.2088470878119963E-005         658
   5.1750960865848405E-005         659
   5.1415640119900630E-005         660
   5.1082494401777367E-005         661
   5.0751509566016040E-005         662
   5.0422671559857690E-005         663
   5.0095966422691873E-005         664
   4.9771380284724387E-005         665
   4.9448899367199317E-005         666
   4.9128509982176993E-005         667
   4.8810198530313542E-005         668
   4.8493951501527022E-005         669
   4.8179755474442310E-005         670
   4.7867597114836791E-005         671
   4.7557463176417514E-005         672
   4.7249340499155856E-005         673
   4.6943216008621391E-005         674
   4.6639076716870065E-005         675
   4.6336909720223751E-005         676
   4.6036702199270252E-005         677
   4.5738441418752274E-005         678
   4.5442114726013116E-005         679
   4.5147709551995874E-005         680
   4.4855213409134009E-005         681
   4.4564613891684424E-005         682
   4.4275898674950298E-005         683
   4.3989055514614961E-005         684
   4.3704072246408820E-005         685
   4.3420936785665276E-005         686
   4.3139637126543562E-005         687
   4.2860161341251590E-005         688
   4.2582497580490042E-005         689
   4.2306634072231120E-005         690
   4.2032559120608326E-005         691
   4.1760261107137708E-005         692
   4.1489728488386390E-005         693
   4.1220949796749728E-005         694
   4.0953913639230066E-005         695
   4.0688608697214690E-005         696
   4.0425023726142761E-005         697
   4.0163147554284073E-005         698
   3.9902969083627227E-005         699
   3.9644477287770208E-005         700
   3.9387661212919589E-005         701
   3.9132509976225194E-005         702
   3.8879012766224186E-005         703
   3.8627158841508802E-005         704
   3.8376937531392485E-005         705
   3.8128338233800463E-005         706
   3.7881350417046100E-005         707
   3.7635963617055346E-005         708
   3.7392167438365931E-005         709
   3.7149951553572258E-005         710
   3.6909305702215178E-005         711
   3.6670219691004036E-005         712
   3.6432683392484400E-005         713
   3.6196686746148288E-005         714
   3.5962219756102698E-005         715
   3.5729272492512898E-005         716
   3.5497835089715046E-005         717
   3.5267897746438237E-005         718
   3.5039450725249388E-005         719
   3.4812484352109152E-005         720
   3.4586989016371916E-005         721
   3.4362955169231491E-005         722
   3.4140373325164397E-005         723
   3.3919234059487380E-005         724
   3.3699528009356605E-005         725
   3.3481245873101528E-005         726
   3.3264378408892625E-005         727
   3.3048916435851616E-005         728
   3.2834850832497153E-005         729
   3.2622172537077887E-005         730
   3.2410872546240199E-005         731
   3.2200941916027404E-005         732
   3.1992371760103389E-005         733
   3.1785153250307729E-005         734
   3.1579277615878532E-005         735
   3.1374736142897319E-005         736
   3.1171520174733125E-005         737
   3.0969621110599199E-005         738
   3.0769030405775055E-005         739
   3.0569739571384424E-005         740
   3.0371740173729123E-005         741
   3.0175023833622916E-005         742
   2.9979582226835610E-005         743
   2.9785407083204873E-005         744
   2.9592490186747256E-005         745
   2.9400823373881835E-005         746
   2.9210398535095550E-005         747
   2.9021207613277866E-005         748
   2.8833242604053844E-005         749
   2.8646495554451867E-005         750
   2.8460958564013872E-005         751
   2.8276623783130006E-005         752
   2.8093483413482723E-005         753
   2.7911529707491667E-005         754
   2.7730754967869586E-005         755
   2.7551151547289265E-005         756
   2.7372711848272502E-005         757
   2.7195428323079085E-005         758
   2.7019293472374528E-005         759
   2.6844299846340292E-005         760
   2.6670440042675381E-005         761
   2.6497706708039637E-005         762
   2.6326092536832491E-005         763
   2.6155590270526829E-005         764
   2.5986192697668997E-005         765
   2.5817892654433905E-005         766
   2.5650683023181742E-005         767
   2.5484556732013885E-005         768
   2.5319506755883125E-005         769
   2.5155526114928328E-005         770
   2.4992607874696482E-005         771
   2.4830745145809630E-005         772
   2.4669931083853847E-005         773
   2.4510158888269018E-005         774
   2.4351421803903150E-005         775
   2.4193713118236815E-005         776
   2.4037026162826436E-005         777
   2.3881354313193270E-005         778
   2.3726690986602961E-005         779
   2.3573029644285981E-005         780
   2.3420363789661280E-005         781
   2.3268686967670149E-005         782
   2.3117992766219508E-005         783
   2.2968274814072487E-005         784
   2.2819526781736599E-005         785
   2.2671742381019655E-005         786
   2.2524915364030562E-005         787
   2.2379039523956479E-005         788
   2.2234108694285659E-005         789
   2.2090116748030297E-005         790
   2.1947057598392661E-005         791
   2.1804925198654068E-005         792
   2.1663713540287510E-005         793
   2.1523416654400940E-005         794
   2.1384028610849093E-005         795
   2.1245543518011445E-005         796
   2.1107955522126076E-005         797
   2.0971258808177851E-005         798
   2.0835447598122059E-005         799
   2.0700516152105664E-005         800
   2.0566458767024010E-005         801
   2.0433269777297980E-005         802
   2.0300943553652750E-005         803
   2.0169474503561879E-005         804
   2.0038857071136285E-005         805
   1.9909085736014021E-005         806
   1.9780155013693346E-005         807
   1.9652059455976811E-005         808
   1.9524793649305927E-005         809
   1.9398352215316272E-005         810
   1.9272729811392608E-005         811
   1.9147921128337408E-005         812
   1.9023920892369262E-005         813
   1.8900723863568558E-005         814
   1.8778324835988514E-005         815
   1.8656718637544145E-005         816
   1.8535900129901250E-005         817
   1.8415864207810273E-005         818
   1.8296605799772436E-005         819
   1.8178119865597253E-005         820
   1.8060401399955239E-005         821
   1.7943445428492133E-005         822
   1.7827247009605252E-005         823
   1.7711801233888380E-005         824
   1.7597103223465638E-005         825
   1.7483148132768633E-005         826
   1.7369931146538065E-005         827
   1.7257447482044164E-005         828
   1.7145692386644207E-005         829
   1.7034661139003759E-005         830
   1.6924349048208498E-005         831
   1.6814751454097276E-005         832
   1.6705863726262926E-005         833
   1.6597681264718389E-005         834
   1.6490199499341607E-005         835
   1.6383413889098364E-005         836
   1.6277319923374556E-005         837
   1.6171913119977788E-005         838
   1.6067189026136575E-005         839
   1.5963143218167275E-005         840
   1.5859771300696934E-005         841
   1.5757068906774307E-005         842
   1.5655031698202926E-005         843
   1.5553655365097008E-005         844
   1.5452935624660213E-005         845
   1.5352868222739957E-005         846
   1.5253448932495139E-005         847
   1.5154673554285125E-005         848
   1.5056537915669743E-005         849
   1.4959037871742353E-005         850
   1.4862169304352690E-005         851
   1.4765928121551752E-005         852
   1.4670310258702024E-005         853
   1.4575311676923164E-005         854
   1.4480928363869161E-005         855
   1.4387156332840156E-005         856
   1.4293991623448576E-005         857
   1.4201430300730955E-005         858
   1.4109468455258956E-005         859
   1.4018102203028349E-005         860
   1.3927327685347990E-005         861
   1.3837141068062664E-005         862
   1.3747538542663307E-005         863
   1.3658516324399628E-005         864
   1.3570070653945443E-005         865
   1.3482197795955386E-005         866
   1.3394894038842864E-005         867
   1.3308155695890278E-005         868
   1.3221979104249826E-005         869
   1.3136360623944299E-005         870
   1.3051296639754462E-005         871
   1.2966783558887585E-005         872
   1.2882817812531755E-005         873
   1.2799395854745654E-005         874
   1.2716514162458559E-005         875
   1.2634169235692383E-005         876
   1.2552357597339636E-005         877
   1.2471075792275244E-005         878
   1.2390320388133702E-005         879
   1.2310087974531925E-005         880
   1.2230375163735374E-005         881
   1.2151178589325795E-005         882
   1.2072494907311437E-005         883
   1.1994320794905811E-005         884
   1.1916652951193818E-005         885
   1.1839488096354600E-005         886
   1.1762822971994602E-005         887
   1.1686654340925529E-005         888
   1.1610978986942300E-005         889
   1.1535793714489984E-005         890
   1.1461095348774819E-005         891
   1.1386880735875238E-005         892
   1.1313146741853686E-005         893
   1.1239890253422757E-005         894
   1.1167108177390084E-005         895
   1.1094797440547310E-005         896
   1.1022954989781120E-005         897
   1.0951577791740164E-005         898
   1.0880662832279953E-005         899
   1.0810207117573079E-005         900
   1.0740207672554902E-005         901
   1.0670661541811732E-005         902
   1.0601565788803669E-005         903
   1.0532917496197669E-005         904
   1.0464713765756528E-005         905
   1.0396951717450698E-005         906
   1.0329628490457488E-005         907
   1.0262741242494933E-005         908
   1.0196287149266681E-005         909
   1.0130263405239148E-005         910
   1.0064667222753343E-005         911
   9.9994958324689520E-006         912
   9.9347464823651421E-006         913
   9.8704164395169158E-006         914
   9.8065029874305765E-006         915
   9.7430034280421296E-006         916
   9.6799150801629708E-006         917
   9.6172352803680639E-006         918
   9.5549613823298074E-006         919
   9.4930907572621237E-006         920
   9.4316207928102358E-006         921
   9.3705488939388459E-006         922
   9.3098724822660017E-006         923
   9.2495889962851408E-006         924
   9.1896958908099791E-006         925
   9.1301906375296227E-006         926
   9.0710707241203892E-006         927
   9.0123336550229638E-006         928
   8.9539769502211541E-006         929
   8.8959981461300686E-006         930
   8.8383947954850939E-006         931
   8.7811644661206500E-006         932
   8.7243047421914355E-006         933
   8.6678132231732263E-006         934
   8.6116875243069657E-006         935
   8.5559252763767191E-006         936
   8.5005241252655850E-006         937
   8.4454817320667175E-006         938
   8.3907957735274152E-006         939
   8.3364639404948093E-006         940
   8.2824839402473316E-006         941
   8.2288534932750679E-006         942
   8.1755703360553156E-006         943
   8.1226322192762268E-006         944
   8.0700369080588530E-006         945
   8.0177821819571449E-006         946
   7.9658658356240863E-006         947
   7.9142856772573822E-006         948
   7.8630395294876365E-006         949
   7.8121252289342635E-006         950
   7.7615406266495768E-006         951
   7.7112835872306107E-006         952
   7.6613519890411652E-006         953
   7.6117437242118058E-006         954
   7.5624566990839526E-006         955
   7.5134888330996574E-006         956
   7.4648380590236485E-006         957
   7.4165023233874194E-006         958
   7.3684795854900287E-006         959
   7.3207678186193448E-006         960
   7.2733650087197788E-006         961
   7.2262691547253510E-006         962
   7.1794782690037806E-006         963
   7.1329903760242175E-006         964
   7.0868035135784879E-006         965
   7.0409157324480276E-006         966
   6.9953250952936585E-006         967
   6.9500296777658122E-006         968
   6.9050275681714623E-006         969
   6.8603168668079917E-006         970
   6.8158956862962583E-006         971
   6.7717621521357074E-006         972
   6.7279144007059699E-006         973
   6.6843505817093529E-006         974
   6.6410688560614162E-006         975
   6.5980673971122172E-006         976
   6.5553443897581332E-006         977
   6.5128980306639050E-006         978
   6.4707265280405935E-006         979
   6.4288281022006899E-006         980
   6.3872009844478939E-006         981
   6.3458434176322243E-006         982
   6.3047536562610418E-006         983
   6.2639299662770043E-006         984
   6.2233706240588660E-006         985
   6.1830739178647676E-006         986
   6.1430381469440576E-006         987
   6.1032616214262703E-006         988
   6.0637426624321478E-006         989
   6.0244796018515956E-006         990
   5.9854707825657272E-006         991
   5.9467145581137970E-006         992
   5.9082092926932006E-006         993
   5.8699533609374299E-006         994
   5.8319451483601625E-006         995
   5.7941830506891279E-006         996
   5.7566654738661072E-006         997
   5.7193908349351119E-006         998
   5.6823575600439824E-006         999
   5.6455640864427892E-006        1000
   5.6090088611515654E-006        1001
   5.5726903414043960E-006        1002
   5.5366069940943063E-006        1003
   5.5007572962173512E-006        1004
   5.4651397349836373E-006        1005
   5.4297528071511891E-006        1006
   5.3945950189149272E-006        1007
   5.3596648865728014E-006        1008
   5.3249609354155680E-006        1009
   5.2904817013921246E-006        1010
   5.2562257288890635E-006        1011
   5.2221915720629397E-006        1012
   5.1883777947292486E-006        1013
   5.1547829695852698E-006        1014
   5.1214056788762008E-006        1015
   5.0882445137290233E-006        1016
   5.0552980743745479E-006        1017
   5.0225649708135478E-006        1018
   4.9900438213734688E-006        1019
   4.9577332533745633E-006        1020
   4.9256319031298901E-006        1021
   4.8937384158342923E-006        1022
   4.8620514454533748E-006        1023
   4.8305696546124821E-006        1024
   4.7992917147077208E-006        1025
   4.7682163056839144E-006        1026
   4.7373421157015372E-006        1027
   4.7066678422469366E-006        1028
   4.6761921902449544E-006        1029
   4.6459138738352834E-006        1030
   4.6158316149291778E-006        1031
   4.5859441439866089E-006        1032
   4.5562501996831983E-006        1033
   4.5267485286881737E-006        1034
   4.4974378861084574E-006        1035
   4.4683170347115109E-006        1036
   4.4393847455914681E-006        1037
   4.4106397977250467E-006        1038
   4.3820809779715475E-006        1039
   4.3537070809618328E-006        1040
   4.3255169090983259E-006        1041
   4.2975092727770559E-006        1042
   4.2696829902766353E-006        1043
   4.2420368868700820E-006        1044
   4.2145697958240191E-006        1045
   4.1872805578435646E-006        1046
   4.1601680215164194E-006        1047
   4.1332310425357122E-006        1048
   4.1064684839220433E-006        1049
   4.0798792162455300E-006        1050
   4.0534621177368280E-006        1051
   4.0272160728438422E-006        1052
   4.0011399744521725E-006        1053
   3.9752327218867123E-006        1054
   3.9494932215777823E-006        1055
   3.9239203875052198E-006        1056
   3.8985131405322448E-006        1057
   3.8732704079613711E-006        1058
   3.8481911249776957E-006        1059
   3.8232742329835645E-006        1060
   3.7985186801536841E-006        1061
   3.7739234222122775E-006        1062
   3.7494874209897944E-006        1063
   3.7252096449780225E-006        1064
   3.7010890698851995E-006        1065
   3.6771246776368116E-006        1066
   3.6533154572637727E-006        1067
   3.6296604034591340E-006        1068
   3.6061585181323963E-006        1069
   3.5828088092992871E-006        1070
   3.5596102916368721E-006        1071
   3.5365619863725328E-006        1072
   3.5136629206178327E-006        1073
   3.4909121281456734E-006        1074
   3.4683086485021164E-006        1075
   3.4458515280055835E-006        1076
   3.4235398189697008E-006        1077
   3.4013725795922767E-006        1078
   3.3793488745104128E-006        1079
   3.3574677744674375E-006        1080
   3.3357283557577944E-006        1081
   3.3141297008931758E-006        1082
   3.2926708987135456E-006        1083
   3.2713510436099824E-006        1084
   3.2501692353026357E-006        1085
   3.2291245803950375E-006        1086
   3.2082161909308127E-006        1087
   3.1874431842826567E-006        1088
   3.1668046835964248E-006        1089
   3.1462998180131763E-006        1090
   3.1259277224471305E-006        1091
   3.1056875370305548E-006        1092
   3.0855784076688764E-006        1093
   3.0655994855965929E-006        1094
   3.0457499278213618E-006        1095
   3.0260288965688886E-006        1096
   3.0064355596159942E-006        1097
   2.9869690900685697E-006        1098
   2.9676286666946439E-006        1099
   2.9484134729251821E-006        1100
   2.9293226981863540E-006        1101
   2.9103555364562439E-006        1102
   2.8915111875971178E-006        1103
   2.8727888563562232E-006        1104
   2.8541877528098780E-006        1105
   2.8357070913642701E-006        1106
   2.8173460928648808E-006        1107
   2.7991039820429719E-006        1108
   2.7809799889588760E-006        1109
   2.7629733492240405E-006        1110
   2.7450833024467158E-006        1111
   2.7273090941193345E-006        1112
   2.7096499738421542E-006        1113
   2.6921051964334808E-006        1114
   2.6746740215966014E-006        1115
   2.6573557138087622E-006        1116
   2.6401495419881016E-006        1117
   2.6230547803818283E-006        1118
   2.6060707072339540E-006        1119
   2.5891966058955163E-006        1120
   2.5724317642694672E-006        1121
   2.5557754752547623E-006        1122
   2.5392270354140933E-006        1123
   2.5227857467502446E-006        1124
   2.5064509150407588E-006        1125
   2.4902218516142938E-006        1126
   2.4740978711301764E-006        1127
   2.4580782930216927E-006        1128
   2.4421624416071097E-006        1129
   2.4263496452014977E-006        1130
   2.4106392364497964E-006        1131
   2.3950305524378379E-006        1132
   2.3795229343592794E-006        1133
   2.3641157276266256E-006        1134
   2.3488082824263401E-006        1135
   2.3335999527196449E-006        1136
   2.3184900965755872E-006        1137
   2.3034780762820617E-006        1138
   2.2885632586788773E-006        1139
   2.2737450142695792E-006        1140
   2.2590227171104260E-006        1141
   2.2443957470308362E-006        1142
   2.2298634858586297E-006        1143
   2.2154253207506969E-006        1144
   2.2010806424166418E-006        1145
   2.1868288453408269E-006        1146
   2.1726693282264620E-006        1147
   2.1586014936625375E-006        1148
   2.1446247477907576E-006        1149
   2.1307385008606516E-006        1150
   2.1169421667854849E-006        1151
   2.1032351636973701E-006        1152
   2.0896169129480668E-006        1153
   2.0760868397751153E-006        1154
   2.0626443733018363E-006        1155
   2.0492889463152864E-006        1156
   2.0360199950442137E-006        1157
   2.0228369599362139E-006        1158
   2.0097392843254624E-006        1159
   1.9967264155429376E-006        1160
   1.9837978044723314E-006        1161
   1.9709529057720943E-006        1162
   1.9581911769872562E-006        1163
   1.9455120798816949E-006        1164
   1.9329150795499572E-006        1165
   1.9203996439731696E-006        1166
   1.9079652453513063E-006        1167
   1.8956113585488765E-006        1168
   1.8833374627602595E-006        1169
   1.8711430398443696E-006        1170
   1.8590275752128349E-006        1171
   1.8469905574969303E-006        1172
   1.8350314789916666E-006        1173
   1.8231498345455677E-006        1174
   1.8113451234480493E-006        1175
   1.7996168469869289E-006        1176
   1.7879645105578490E-006        1177
   1.7763876223320096E-006        1178
   1.7648856937002577E-006        1179
   1.7534582393841092E-006        1180
   1.7421047773247267E-006        1181
   1.7308248281278082E-006        1182
   1.7196179159517655E-006        1183
   1.7084835679526122E-006        1184
   1.6974213138398753E-006        1185
   1.6864306873198842E-006        1186
   1.6755112245414594E-006        1187
   1.6646624644289787E-006        1188
   1.6538839493485114E-006        1189
   1.6431752245527065E-006        1190
   1.6325358380697708E-006        1191
   1.6219653407034684E-006        1192
   1.6114632866992551E-006        1193
   1.6010292327450770E-006        1194
   1.5906627386375050E-006        1195
   1.5803633669486672E-006        1196
   1.5701306829152273E-006        1197
   1.5599642546604287E-006        1198
   1.5498636534161392E-006        1199
   1.5398284528567174E-006        1200
   1.5298582295431018E-006        1201
   1.5199525627007660E-006        1202
   1.5101110341086965E-006        1203
   1.5003332289875715E-006        1204
   1.4906187342234034E-006        1205
   1.4809671402549185E-006        1206
   1.4713780392971998E-006        1207
   1.4618510274511110E-006        1208
   1.4523857019277386E-006        1209
   1.4429816639349724E-006        1210
   1.4336385161239917E-006        1211
   1.4243558645876675E-006        1212
   1.4151333175282943E-006        1213
   1.4059704858127020E-006        1214
   1.3968669825281665E-006        1215
   1.3878224236485437E-006        1216
   1.3788364278122245E-006        1217
   1.3699086154339568E-006        1218
   1.3610386098150684E-006        1219
   1.3522260369214223E-006        1220
   1.3434705247172829E-006        1221
   1.3347717034983830E-006        1222
   1.3261292065580577E-006        1223
   1.3175426691880432E-006        1224
   1.3090117287894998E-006        1225
   1.3005360255391452E-006        1226
   1.2921152017231208E-006        1227
   1.2837489020700588E-006        1228
   1.2754367733069927E-006        1229
   1.2671784651585583E-006        1230
   1.2589736286816589E-006        1231
   1.2508219178197777E-006        1232
   1.2427229885147995E-006        1233
   1.2346764990400771E-006        1234
   1.2266821098894098E-006        1235
   1.2187394838880650E-006        1236
   1.2108482855266445E-006        1237
   1.2030081819602856E-006        1238
   1.1952188423425270E-006        1239
   1.1874799379363310E-006        1240
   1.1797911423361285E-006        1241
   1.1721521309127070E-006        1242
   1.1645625814793448E-006        1243
   1.1570221735146546E-006        1244
   1.1495305891617846E-006        1245
   1.1420875120071727E-006        1246
   1.1346926283017922E-006        1247
   1.1273456255178615E-006        1248
   1.1200461940141793E-006        1249
   1.1127940255928337E-006        1250
   1.1055888142763592E-006        1251
   1.0984302558636472E-006        1252
   1.0913180487071017E-006        1253
   1.0842518922693500E-006        1254
   1.0772314885665324E-006        1255
   1.0702565412801235E-006        1256
   1.0633267562010218E-006        1257
   1.0564418406744380E-006        1258
   1.0496015041550066E-006        1259
   1.0428054584288304E-006        1260
   1.0360534163922352E-006        1261
   1.0293450930509707E-006        1262
   1.0226802054091877E-006        1263
   1.0160584724694388E-006        1264
   1.0094796143444995E-006        1265
   1.0029433537006582E-006        1266
