   1.0000000000000000                1
  0.50000000000000000                2
  0.31250000000000000                3
  0.21875000000000000                4
  0.18750000000000000                5
  0.16113281250000000                6
  0.13964843750000000                7
  0.12219238281250000                8
  0.10791015625000000                9
   9.6107482910156250E-002          10
   8.6250305175781250E-002          11
   7.7933311462402344E-002          12
   7.3062479496002197E-002          13
   6.8568170070648193E-002          14
   6.4441796392202377E-002          15
   6.0654133558273315E-002          16
   5.7189781218767166E-002          17
   5.4001962067559361E-002          18
   5.1090660213958472E-002          19
   4.8393542674602941E-002          20
   4.5935196430946235E-002          21
   4.3635333257043385E-002          22
   4.1546481298610161E-002          23
   3.9597532560208037E-002          24
   3.8192649067099183E-002          25
   3.6903481044170405E-002          26
   3.5612424675734999E-002          27
   3.4445864866962328E-002          28
   3.3261089962541401E-002          29
   3.2207408253122738E-002          30
   3.1119968262812270E-002          31
   3.0168543857938435E-002          32
   2.9169373220252481E-002          33
   2.8309741623751439E-002          34
   2.7390248449719490E-002          35
   2.6612601229123678E-002          36
   2.5764909191867025E-002          37
   2.5060301388601935E-002          38
   2.4277315750565354E-002          39
   2.3637718829300880E-002          40
   2.3102064629376251E-002          41
   2.2516945996630122E-002          42
   2.2063639082839037E-002          43
   2.1507170290702593E-002          44
   2.1084301164502106E-002          45
   2.0555589230297322E-002          46
   2.0161245073890832E-002          47
   1.9659200568632240E-002          48
   1.9291446160679460E-002          49
   1.8814870244562520E-002          50
   1.8471810480291451E-002          51
   1.8019454100306476E-002          52
   1.7699271774669567E-002          53
   1.7269875730453688E-002          54
   1.6970852878786857E-002          55
   1.6563174645092271E-002          56
   1.6283703026501062E-002          57
   1.5896534358012859E-002          58
   1.5635118853492669E-002          59
   1.5329770193319492E-002          60
   1.5022554427388535E-002          61
   1.4820709756091510E-002          62
   1.4518259423969004E-002          63
   1.4332770790995930E-002          64
   1.4041570216934751E-002          65
   1.3865258763384070E-002          66
   1.3585021091838012E-002          67
   1.3417427834055973E-002          68
   1.3147831392074316E-002          69
   1.2988503463069678E-002          70
   1.2729203413681001E-002          71
   1.2577699373221174E-002          72
   1.2328336760349501E-002          73
   1.2184230180831257E-002          74
   1.1944438922797618E-002          75
   1.1807320695260248E-002          76
   1.1576732962040648E-002          77
   1.1446212656594845E-002          78
   1.1224462972060589E-002          79
   1.1100169504402846E-002          80
   1.0886897842022458E-002          81
   1.0768479635575812E-002          82
   1.0591661207942416E-002          83
   1.0450458505832039E-002          84
   1.0318362037871731E-002          85
   1.0145449849809252E-002          86
   1.0053994661986643E-002          87
   9.8832745814267930E-003          88
   9.7983085084138999E-003          89
   9.6328596045842652E-003          90
   9.5510441354476061E-003          91
   9.3907259305274771E-003          92
   9.3119370023533321E-003          93
   9.1566049072646649E-003          94
   9.0807204950746900E-003          95
   8.9302275617826332E-003          96
   8.8571283405549650E-003          97
   8.7113266869611738E-003          98
   8.6408965193573994E-003          99
   8.4996384819828741E-003         100
   8.4317647666816153E-003         101
   8.2949038270490050E-003         102
   8.2294777358740134E-003         103
   8.0968692588183622E-003         104
   8.0337858854615529E-003         105
   7.9052877012315559E-003         106
   7.8444461400017929E-003         107
   7.7199189967362969E-003         108
   7.6612223662482215E-003         109
   7.5556642380889549E-003         110
   7.4838856988892477E-003         111
   7.3994332413072073E-003         112
   7.3122147441571084E-003         113
   7.2473589304562491E-003         114
   7.1459956846857686E-003         115
   7.0993365473766001E-003         116
   6.9981884154313168E-003         117
   6.9552603808751279E-003         118
   6.8567601691547075E-003         119
   6.8150244545797101E-003         120
   6.7191037116343111E-003         121
   6.6785230992763012E-003         122
   6.5851136110854913E-003         123
   6.5456514265995747E-003         124
   6.4546854899942829E-003         125
   6.4163057185084860E-003         126
   6.3277163673784997E-003         127
   6.2903837449095334E-003         128
   6.2041049359109479E-003         129
   6.1677850200190232E-003         130
   6.0837517835672372E-003         131
   6.0484110065359697E-003         132
   5.9665595680740147E-003         133
   5.9321652754196208E-003         134
   5.8524331512537220E-003         135
   5.8189536279451559E-003         136
   5.7412796993583370E-003         137
   5.7086841857743043E-003         138
   5.6330087546114793E-003         139
   5.6012674539571705E-003         140
   5.5360625942408870E-003         141
   5.4966163610956631E-003         142
   5.4421102230348684E-003         143
   5.3946462802902939E-003         144
   5.3502221603423106E-003         145
   5.2952750339847476E-003         146
   5.2603520582716889E-003         147
   5.1984228853774184E-003         148
   5.1724537455797304E-003         149
   5.1103492553372654E-003         150
   5.0864813630961958E-003         151
   5.0257705129657104E-003         152
   5.0023894786923595E-003         153
   4.9430391708575883E-003         154
   4.9201331843224949E-003         155
   4.8621107874753378E-003         156
   4.8396681773448247E-003         157
   4.7829415692992594E-003         158
   4.7609508280863633E-003         159
   4.7054884307162759E-003         160
   4.6839382353660586E-003         161
   4.6297090428211174E-003         162
   4.6085882714956838E-003         163
   4.5555618725361402E-003         164
   4.5348596180925238E-003         165
   4.4830062132881210E-003         166
   4.4627117938813576E-003         167
   4.4120022083333765E-003         168
   4.3921051755249074E-003         169
   4.3425108676864443E-003         170
   4.3230010123938012E-003         171
   4.2744940795025332E-003         172
   4.2553614360827385E-003         173
   4.2079146166582593E-003         174
   4.1891494653827355E-003         175
   4.1474768242435456E-003         176
   4.1243290073371686E-003         177
   4.0884096895155153E-003         178
   4.0608648549251836E-003         179
   4.0304251630662868E-003         180
   3.9987226818658517E-003         181
   3.9735019702422658E-003         182
   3.9378690349627377E-003         183
   3.9176190315479698E-003         184
   3.8782713243685762E-003         185
   3.8627554912467055E-003         186
   3.8235031125959384E-003         187
   3.8088907418978302E-003         188
   3.7704016285515785E-003         189
   3.7560044452622510E-003         190
   3.7182622895697293E-003         191
   3.7040765499727346E-003         192
   3.6670653234054384E-003         193
   3.6530873063067570E-003         194
   3.6167912650810763E-003         195
   3.6030172783838577E-003         196
   3.5674209676865853E-003         197
   3.5538473540661641E-003         198
   3.5189356110421066E-003         199
   3.5055587528194376E-003         200
   3.4713167084570173E-003         201
   3.4581330317542402E-003         202
   3.4245461118034282E-003         203
   3.4115520900603880E-003         204
   3.3786060150911013E-003         205
   3.3657981720149888E-003         206
   3.3334789567200929E-003         207
   3.3208538687263811E-003         208
   3.2891478205647751E-003         209
   3.2767021187678491E-003         210
   3.2455958360235737E-003         211
   3.2333262078285685E-003         212
   3.2028065771676495E-003         213
   3.1907097675070162E-003         214
   3.1632200573925573E-003         215
   3.1488367733483180E-003         216
   3.1245965116344365E-003         217
   3.1076915422272311E-003         218
   3.0865705323801507E-003         219
   3.0672587291582509E-003         220
   3.0491319613246137E-003         221
   3.0275233236150001E-003         222
   3.0122707496674783E-003         223
   2.9884706454235133E-003         224
   2.9759769646631185E-003         225
   2.9501180000843785E-003         226
   2.9402407952685561E-003         227
   2.9148229782633983E-003         228
   2.9050525569753738E-003         229
   2.8800674663020942E-003         230
   2.8704026958943363E-003         231
   2.8458420541539464E-003         232
   2.8362817921727679E-003         233
   2.8121374661049803E-003         234
   2.8026805627994200E-003         235
   2.7789445632691034E-003         236
   2.7695898638635530E-003         237
   2.7462543455691879E-003         238
   2.7370006923117529E-003         239
   2.7140579532489717E-003         240
   2.7049041872626578E-003         241
   2.6823466679624097E-003         242
   2.6732916309117893E-003         243
   2.6511119134866590E-003         244
   2.6421544490775606E-003         245
   2.6203452560908946E-003         246
   2.6114842114171033E-003         247
   2.5900384046002589E-003         248
   2.5812726313494405E-003         249
   2.5601832101840305E-003         250
   2.5515115657186449E-003         251
   2.5307716658988788E-003         252
   2.5221930142187432E-003         253
   2.5017959060127382E-003         254
   2.4933091186127854E-003         255
   2.4732482051335047E-003         256
   2.4648521617627317E-003         257
   2.4462047005846532E-003         258
   2.4368145664994678E-003         259
   2.4200784271517506E-003         260
   2.4091888943411632E-003         261
   2.3942983950970831E-003         262
   2.3819678440899494E-003         263
   2.3688595240526356E-003         264
   2.3551442503126907E-003         265
   2.3437567878555887E-003         266
   2.3287110817247214E-003         267
   2.3189852162088798E-003         268
   2.3026614394920930E-003         269
   2.2945398961145003E-003         270
   2.2774771889884082E-003         271
   2.2704159731006257E-003         272
   2.2536104247425914E-003         273
   2.2466086522578976E-003         274
   2.2300558537955428E-003         275
   2.2231131991009567E-003         276
   2.2068088145963394E-003         277
   2.1999249402707699E-003         278
   2.1838647062305538E-003         279
   2.1770392640882985E-003         280
   2.1612189889114175E-003         281
   2.1544516209771603E-003         282
   2.1388671843431961E-003         283
   2.1321575237607249E-003         284
   2.1168048759694358E-003         285
   2.1101525478478544E-003         286
   2.0950277091110747E-003         287
   2.0884323313173914E-003         288
   2.0735313910121844E-003         289
   2.0669925749086104E-003         290
   2.0523116907946726E-003         291
   2.0458290419269609E-003         292
   2.0313644393323838E-003         293
   2.0249375580718709E-003         294
   2.0106855290535908E-003         295
   2.0043140111971613E-003         296
   1.9902709136767616E-003         297
   1.9839543510054014E-003         298
   1.9701166078862631E-003         299
   1.9638545886850878E-003         300
   1.9502186869533311E-003         301
   1.9440107964994180E-003         302
   1.9305732863104108E-003         303
   1.9244191073246597E-003         304
   1.9114618103593939E-003         305
   1.9050757141501062E-003         306
   1.8932806027178728E-003         307
   1.8859768695378420E-003         308
   1.8753091064379612E-003         309
   1.8671188850523102E-003         310
   1.8575446466897461E-003         311
   1.8484981306587933E-003         312
   1.8399845751010391E-003         313
   1.8301110340979143E-003         314
   1.8226262702299989E-003         315
   1.8119540802337131E-003         316
   1.8054671379745812E-003         317
   1.7940238103861805E-003         318
   1.7885046119243686E-003         319
   1.7770325071364557E-003         320
   1.7717361536554455E-003         321
   1.7604178798911185E-003         322
   1.7551592529772009E-003         323
   1.7439924323118250E-003         324
   1.7387714281287270E-003         325
   1.7277537196647152E-003         326
   1.7225702259355824E-003         327
   1.7116993254270296E-003         328
   1.7065532219232571E-003         329
   1.6958268613879168E-003         330
   1.6907180203935557E-003         331
   1.6801339677142701E-003         332
   1.6750622544682292E-003         333
   1.6646183129829240E-003         334
   1.6595835860983010E-003         335
   1.6492775941827631E-003         336
   1.6442797060470804E-003         337
   1.6341095366886327E-003         338
   1.6291483338417567E-003         339
   1.6191118942083804E-003         340
   1.6141872177051209E-003         341
   1.6042824487074725E-003         342
   1.5993941344589757E-003         343
   1.5896190103097396E-003         344
   1.5847668894117817E-003         345
   1.5751194171800265E-003         346
   1.5703033162219882E-003         347
   1.5607815353864130E-003         348
   1.5560012767471543E-003         349
   1.5466032587460044E-003         350
   1.5418586608755280E-003         351
   1.5325825086568434E-003         352
   1.5278733863428595E-003         353
   1.5187172339129473E-003         354
   1.5140433985358914E-003         355
   1.5050054105085753E-003         356
   1.5003666702840812E-003         357
   1.4918816049973582E-003         358
   1.4868412016385557E-003         359
   1.4790619640017155E-003         360
   1.4734650196439603E-003         361
   1.4663727984518538E-003         362
   1.4602361780986506E-003         363
   1.4538126376426597E-003         364
   1.4471527573085563E-003         365
   1.4413800244161834E-003         366
   1.4342128638328289E-003         367
   1.4290735152954204E-003         368
   1.4214146302234942E-003         369
   1.4168916805987752E-003         370
   1.4089481535838333E-003         371
   1.4048331045358742E-003         372
   1.3969849868137318E-003         373
   1.3928963852876119E-003         374
   1.3851423394783957E-003         375
   1.3810801350716551E-003         376
   1.3734188431492322E-003         377
   1.3693829801907365E-003         378
   1.3618131432709957E-003         379
   1.3578035610718464E-003         380
   1.3503238991934285E-003         381
   1.3463405322866606E-003         382
   1.3389497841955755E-003         383
   1.3349925625671943E-003         384
   1.3276894854943322E-003         385
   1.3237583348029158E-003         386
   1.3165417042433347E-003         387
   1.3126365460341960E-003         388
   1.3055051555239672E-003         389
   1.3016259074315473E-003         390
   1.2945785683237121E-003         391
   1.2907251442684231E-003         392
   1.2837606855089501E-003         393
   1.2799329958841366E-003         394
   1.2730502637867680E-003         395
   1.2692482156398954E-003         396
   1.2624460736612164E-003         397
   1.2586695708668438E-003         398
   1.2519468993827942E-003         399
   1.2481958428086637E-003         400
   1.2415515388879417E-003         401
   1.2378258265556275E-003         402
   1.2312588037383110E-003         403
   1.2275583309757643E-003         404
   1.2210675190489351E-003         405
   1.2173921786382547E-003         406
   1.2109765234136205E-003         407
   1.2073262057332723E-003         408
   1.2009846688266768E-003         409
   1.1973592619864970E-003         410
   1.1910908205977622E-003         411
   1.1874902105700746E-003         412
   1.1812938572637321E-003         413
   1.1777179280092476E-003         414
   1.1718785359362549E-003         415
   1.1680413040847659E-003         416
   1.1626401545479226E-003         417
   1.1584592417345219E-003         418
   1.1534857246628949E-003         419
   1.1489706569496327E-003         420
   1.1444143987019428E-003         421
   1.1395744786677486E-003         422
   1.1354253364297406E-003         423
   1.1302696486672481E-003         424
   1.1265177049922803E-003         425
   1.1210551214548836E-003         426
   1.1176906789487351E-003         427
   1.1121705886648625E-003         428
   1.1089434402969944E-003         429
   1.1034827452633955E-003         430
   1.1002751784946474E-003         431
   1.0948731214267537E-003         432
   1.0916850904723052E-003         433
   1.0863409243441202E-003         434
   1.0831723806445925E-003         435
   1.0778853685705636E-003         436
   1.0747362609141442E-003         437
   1.0695056760324784E-003         438
   1.0663759506727155E-003         439
   1.0612010760273627E-003         440
   1.0580906767971854E-003         441
   1.0529708052207098E-003         442
   1.0498796736413407E-003         443
   1.0448141076371265E-003         444
   1.0417421830248852E-003         445
   1.0367302346502294E-003         446
   1.0336774542185623E-003         447
   1.0287184449671027E-003         448
   1.0256847439243932E-003         449
   1.0207780046100901E-003         450
   1.0177633162556932E-003         451
   1.0129081868964773E-003         452
   1.0099124427112027E-003         453
   1.0051082724126248E-003         454
   1.0021314021492200E-003         455
   9.9737754899031916E-004         456
   9.9441948075640330E-004         457
   9.8971531167368898E-004         458
   9.8677597201635159E-004         459
   9.8212086269067189E-004         460
   9.7920017667474379E-004         461
   9.7459351141770956E-004         462
   9.7169140270214616E-004         463
   9.6713257434355437E-004         464
   9.6424896525659776E-004         465
   9.5973737503241008E-004         466
   9.5687218664175511E-004         467
   9.5240724408307553E-004         468
   9.4956039626514777E-004         469
   9.4514151908808852E-004         470
   9.4231293059454657E-004         471
   9.3793954459120421E-004         472
   9.3512913311266654E-004         473
   9.3080067204165395E-004         474
   9.2800835426953832E-004         475
   9.2372425975018047E-004         476
   9.2094995143587877E-004         477
   9.1686681841340878E-004         478
   9.1395328885279792E-004         479
   9.1013901766612282E-004         480
   9.0701773758194992E-004         481
   9.0346627665471857E-004         482
   9.0014267545424076E-004         483
   8.9684809471934912E-004         484
   8.9332748701753673E-004         485
   8.9028397539492321E-004         486
   8.8657156348448396E-004         487
   8.8377342641732248E-004         488
   8.7987430267721933E-004         489
   8.7731595972295739E-004         490
   8.7345013274486849E-004         491
   8.7091109145021051E-004         492
   8.6708250022793365E-004         493
   8.6455834193732706E-004         494
   8.6076655632905119E-004         495
   8.5825723571697488E-004         496
   8.5450183105872934E-004         497
   8.5200730151280268E-004         498
   8.4828785855373123E-004         499
   8.4580807223000321E-004         500
   8.4212417706941434E-004         501
   8.3965908494731956E-004         502
   8.3601032897118177E-004         503
   8.3355988090627608E-004         504
   8.2994586072460130E-004         505
   8.2751000549963205E-004         506
   8.2393032288319290E-004         507
   8.2150900825794793E-004         508
   8.1796327007577219E-004         509
   8.1555644283459738E-004         510
   8.1204426099312776E-004         511
   8.0965186699055725E-004         512
   8.0617285837125685E-004         513
   8.0379484257753209E-004         514
   8.0034862897560011E-004         515
   7.9798493551996863E-004         516
   7.9457114358383318E-004         517
   7.9222171579629297E-004         518
   7.8883997696754804E-004         519
   7.8650475741848247E-004         520
   7.8315470787171382E-004         521
   7.8083363841230380E-004         522
   7.7751491899569203E-004         523
   7.7520794079477540E-004         524
   7.7192019697136516E-004         525
   7.6962725055274017E-004         526
   7.6637013234193141E-004         527
   7.6409115761899571E-004         528
   7.6086431953803491E-004         529
   7.5859925584886856E-004         530
   7.5540235685678248E-004         531
   7.5315114299623342E-004         532
   7.4998384643509830E-004         533
   7.4774642068808905E-004         534
   7.4460839422807457E-004         535
   7.4238469439869004E-004         536
   7.3927560998132691E-004         537
   7.3706557342467782E-004         538
   7.3398510720790178E-004         539
   7.3178867085754717E-004         540
   7.2873650316052085E-004         541
   7.2655360355711185E-004         542
   7.2352941880660104E-004         543
   7.2135999212386004E-004         544
   7.1836347879961071E-004         545
   7.1620746087175391E-004         546
   7.1323831145408967E-004         547
   7.1109563780080709E-004         548
   7.0815354871744951E-004         549
   7.0602415456633150E-004         550
   7.0317690461030313E-004         551
   7.0099264645329118E-004         552
   6.9830130387238398E-004         553
   6.9600075234577119E-004         554
   6.9346199489961347E-004         555
   6.9104811469766769E-004         556
   6.8865868200773672E-004         557
   6.8613437950482137E-004         558
   6.8389107190591769E-004         559
   6.8125919627459730E-004         560
   6.7915887368885652E-004         561
   6.7644607272077106E-004         562
   6.7446179883035029E-004         563
   6.7177240940030636E-004         564
   6.6979956117430017E-004         565
   6.6713334129986368E-004         566
   6.6517187692649582E-004         567
   6.6252858749771271E-004         568
   6.6057846464506742E-004         569
   6.5795786939104595E-004         570
   6.5601904523104881E-004         571
   6.5342091068609776E-004         572
   6.5149334191794139E-004         573
   6.4891743738804131E-004         574
   6.4700108026150005E-004         575
   6.4444717779077454E-004         576
   6.4254198812740970E-004         577
   6.4000986246615099E-004         578
   6.3811579568162635E-004         579
   6.3560522425265553E-004         580
   6.3372223537672134E-004         581
   6.3123299824363599E-004         582
   6.2936104194089015E-004         583
   6.2689292177608991E-004         584
   6.2503195236451869E-004         585
   6.2258473441689777E-004         586
   6.2073470588797086E-004         587
   6.1830817795183179E-004         588
   6.1646904398804381E-004         589
   6.1406299637201123E-004         590
   6.1223471036475630E-004         591
   6.0984893586046862E-004         592
   6.0803145092758193E-004         593
   6.0566574477938229E-004         594
   6.0385901378123830E-004         595
   6.0151317365586543E-004         596
   5.9971714921203123E-004         597
   5.9739097516853246E-004         598
   5.9560560967308884E-004         599
   5.9329890413295505E-004         600
   5.9152414977003964E-004         601
   5.8923671748833950E-004         602
   5.8747252624646862E-004         603
   5.8520417428220561E-004         604
   5.8345049796837412E-004         605
   5.8120103565550973E-004         606
   5.7945782591051209E-004         607
   5.7722706483043229E-004         608
   5.7549427313918766E-004         609
   5.7328202709150400E-004         610
   5.7155960479937651E-004         611
   5.6936568977450364E-004         612
   5.6765358809729438E-004         613
   5.6547782224902754E-004         614
   5.6377599228651931E-004         615
   5.6161819590416773E-004         616
   5.5992658865156031E-004         617
   5.5778658413352389E-004         618
   5.5610515049209219E-004         619
   5.5398276231932719E-004         620
   5.5231145310863372E-004         621
   5.5020650781734126E-004         622
   5.4854527378522810E-004         623
   5.4645759994176313E-004         624
   5.4480639177434398E-004         625
   5.4273581994879194E-004         626
   5.4109458828133228E-004         627
   5.3904095102230709E-004         628
   5.3740964644855005E-004         629
   5.3537277825776997E-004         630
   5.3375135133881813E-004         631
   5.3173108864679186E-004         632
   5.3011948992054414E-004         633
   5.2811567106147983E-004         634
   5.2651385105084714E-004         635
   5.2452631623856050E-004         636
   5.2293422546145774E-004         637
   5.2096281676461409E-004         638
   5.1938040574062150E-004         639
   5.1742496706019825E-004         640
   5.1585218631899910E-004         641
   5.1391256336408286E-004         642
   5.1234936345312398E-004         643
   5.1043219722524125E-004         644
   5.0887173521008133E-004         645
   5.0703336930613130E-004         646
   5.0541910145096569E-004         647
   5.0365794087892102E-004         648
   5.0199126381578196E-004         649
   5.0030574185688792E-004         650
   4.9858802570867944E-004         651
   4.9697660342973293E-004         652
   4.9520919228029925E-004         653
   4.9367035805658599E-004         654
   4.9185951407682005E-004         655
   4.9038683945834549E-004         656
   4.8859000629386529E-004         657
   4.8712588261090595E-004         658
   4.8534293383317717E-004         659
   4.8388732373760845E-004         660
   4.8211813427112560E-004         661
   4.8067100030202425E-004         662
   4.7891544640787931E-004         663
   4.7747675099962805E-004         664
   4.7573471026085556E-004         665
   4.7430441575135873E-004         666
   4.7257576705639348E-004         667
   4.7115383569484859E-004         668
   4.6943845922264860E-004         669
   4.6802485317776199E-004         670
   4.6632263038237642E-004         671
   4.6491731174924666E-004         672
   4.6322812534449476E-004         673
   4.6183105615194009E-004         674
   4.6015479009720028E-004         675
   4.5876593231553020E-004         676
   4.5710247180019703E-004         677
   4.5572178734687441E-004         678
   4.5407101877636968E-004         679
   4.5269846952367132E-004         680
   4.5106028050434510E-004         681
   4.4969582828591204E-004         682
   4.4807010761138688E-004         683
   4.4671371422744244E-004         684
   4.4510035186440255E-004         685
   4.4375197908885777E-004         686
   4.4215086616272714E-004         687
   4.4081047574895393E-004         688
   4.3922150453057363E-004         689
   4.3788905821673385E-004         690
   4.3631212210870629E-004         691
   4.3498758162374696E-004         692
   4.3342257514644711E-004         693
   4.3210590221498535E-004         694
   4.3055272099379316E-004         695
   4.2924387734255554E-004         696
   4.2770241809464427E-004         697
   4.2640136545613050E-004         698
   4.2487152597692202E-004         699
   4.2357822609551121E-004         700
   4.2205990524668557E-004         701
   4.2077431988274405E-004         702
   4.1926741757869479E-004         703
   4.1798950851368311E-004         704
   4.1649392570952681E-004         705
   4.1522365475010758E-004         706
   4.1373929342980453E-004         707
   4.1247662241239436E-004         708
   4.1100338557475968E-004         709
   4.0974827637063616E-004         710
   4.0828606801845968E-004         711
   4.0703848253653696E-004         712
   4.0558720766514789E-004         713
   4.0434710785663963E-004         714
   4.0290667244102796E-004         715
   4.0167402030344412E-004         716
   4.0024433128660331E-004         717
   3.9901908886785797E-004         718
   3.9760005415001576E-004         719
   3.9638218355086963E-004         720
   3.9497371197771969E-004         721
   3.9376317535677607E-004         722
   3.9236517670770965E-004         723
   3.9116193628352391E-004         724
   3.8977432126197087E-004         725
   3.8857833931749131E-004         726
   3.8720101953815256E-004         727
   3.8601225842338494E-004         728
   3.8464514640246250E-004         729
   3.8346356853780073E-004         730
   3.8210657768211753E-004         731
   3.8093214556089716E-004         732
   3.7958519015779402E-004         733
   3.7841786634984498E-004         734
   3.7708086155541221E-004         735
   3.7592060870972333E-004         736
   3.7459347053947489E-004         737
   3.7344025138652537E-004         738
   3.7212289670540688E-004         739
   3.7097667406060797E-004         740
   3.6966902057211648E-004         741
   3.6852975733780990E-004         742
   3.6723172357466805E-004         743
   3.6609938274234644E-004         744
   3.6481088805673245E-004         745
   3.6368543271025899E-004         746
   3.6240639726359269E-004         747
   3.6128779058064442E-004         748
   3.6001813533492744E-004         749
   3.5890634058999282E-004         750
   3.5764598729737251E-004         751
   3.5654096786352785E-004         752
   3.5528983905741551E-004         753
   3.5419155840865635E-004         754
   3.5294957739440136E-004         755
   3.5185799910708582E-004         756
   3.5062508995364894E-004         757
   3.4954017770905121E-004         758
   3.4831626523879056E-004         759
   3.4723798282498830E-004         760
   3.4602299260555469E-004         761
   3.4495130391876128E-004         762
   3.4374516225410545E-004         763
   3.4268003130066838E-004         764
   3.4148266522293635E-004         765
   3.4042405612122462E-004         766
   3.3923539338132080E-004         767
   3.3818327036327922E-004         768
   3.3700323942287280E-004         769
   3.3595756683557632E-004         770
   3.3478609685899663E-004         771
   3.3374683916553849E-004         772
   3.3258386001167040E-004         773
   3.3155098179349363E-004         774
   3.3039642400722880E-004         775
   3.2936988996512540E-004         776
   3.2822368476947972E-004         777
   3.2720345972503395E-004         778
   3.2606553901348700E-004         779
   3.2505158791007460E-004         780
   3.2392188423857604E-004         781
   3.2291417214302953E-004         782
   3.2179261872222753E-004         783
   3.2079111082572442E-004         784
   3.1967764151363820E-004         785
   3.1868230313270018E-004         786
   3.1757685242717049E-004         787
   3.1658764900555081E-004         788
   3.1549015203669040E-004         789
   3.1450704914526284E-004         790
   3.1341744166824004E-004         791
   3.1244040500655323E-004         792
   3.1136330051961814E-004         793
   3.1038761879198518E-004         794
   3.0933765158513982E-004         795
   3.0834859344519572E-004         796
   3.0732526206600497E-004         797
   3.0632323264490058E-004         798
   3.0532604415944853E-004         799
   3.0431144079845485E-004         800
   3.0333991064990240E-004         801
   3.0231312303696800E-004         802
   3.0136677490744113E-004         803
   3.0033599165846248E-004         804
   2.9940655088245283E-004         805
   2.9838298400008956E-004         806
   2.9745915310253057E-004         807
   2.9644274725004749E-004         808
   2.9552449666825353E-004         809
   2.9451519700152140E-004         810
   2.9360249724996734E-004         811
   2.9260024941279994E-004         812
   2.9169307108434239E-004         813
   2.9069782120216825E-004         814
   2.8979613496926682E-004         815
   2.8880782964535445E-004         816
   2.8791160626218115E-004         817
   2.8693019257197694E-004         818
   2.8603940287497132E-004         819
   2.8506482836121450E-004         820
   2.8417944327108202E-004         821
   2.8321165593880870E-004         822
   2.8233164646129794E-004         823
   2.8137059477317816E-004         824
   2.8049593200085710E-004         825
   2.7954156487208781E-004         826
   2.7867221998489899E-004         827
   2.7772448677898520E-004         828
   2.7686043104635516E-004         829
   2.7591928156989187E-004         830
   2.7506048635084213E-004         831
   2.7412587084907347E-004         832
   2.7327230759355281E-004         833
   2.7234417674637523E-004         834
   2.7149581699703607E-004         835
   2.7057412191344721E-004         836
   2.6973093730597864E-004         837
   2.6881562951996951E-004         838
   2.6797759178420755E-004         839
   2.6706862325087677E-004         840
   2.6623570421180354E-004         841
   2.6533302730247232E-004         842
   2.6450519888077118E-004         843
   2.6360876637898656E-004         844
   2.6278600059304047E-004         845
   2.6189576568969031E-004         846
   2.6107803465480472E-004         847
   2.6019395094500908E-004         848
   2.5938122687541032E-004         849
   2.5850324835319238E-004         850
   2.5769550356269377E-004         851
   2.5682358461753818E-004         852
   2.5602079151976209E-004         853
   2.5515488693261812E-004         854
   2.5435701804166211E-004         855
   2.5349708298061380E-004         856
   2.5270411091249390E-004         857
   2.5185010092909632E-004         858
   2.5106199840196908E-004         859
   2.5021386942691848E-004         860
   2.4943060926152505E-004         861
   2.4858831760099509E-004         862
   2.4780987272166044E-004         863
   2.4697337505363848E-004         864
   2.4619971848871547E-004         865
   2.4536897185911677E-004         866
   2.4460007674131923E-004         867
   2.4377503856032323E-004         868
   2.4301087812694799E-004         869
   2.4219150616522356E-004         870
   2.4143205375981580E-004         871
   2.4061830614474644E-004         872
   2.3986353521654458E-004         873
   2.3905537042889780E-004         874
   2.3830525453349960E-004         875
   2.3750263140354111E-004         876
   2.3675714420368088E-004         877
   2.3596002190773291E-004         878
   2.3521913717350351E-004         879
   2.3442747523094720E-004         880
   2.3369116683946700E-004         881
   2.3290492510863459E-004         882
   2.3217316704604585E-004         883
   2.3139230572122305E-004         884
   2.3066507208135967E-004         885
   2.2988955168945502E-004         886
   2.2916681667495276E-004         887
   2.2839659807172286E-004         888
   2.2767833599446341E-004         889
   2.2691338036151532E-004         890
   2.2619956564262633E-004         891
   2.2543983448475302E-004         892
   2.2473044165460809E-004         893
   2.2397589679568064E-004         894
   2.2327090049478748E-004         895
   2.2252150407475746E-004         896
   2.2182087905320280E-004         897
   2.2107659352577080E-004         898
   2.2038031464444163E-004         899
   2.1964110277261639E-004         900
   2.1894914500253382E-004         901
   2.1821496985718891E-004         902
   2.1752730827950817E-004         903
   2.1679813323505215E-004         904
   2.1611474304206180E-004         905
   2.1539053177366263E-004         906
   2.1471138826922864E-004         907
   2.1399210475048225E-004         908
   2.1331718334804961E-004         909
   2.1260279184776021E-004         910
   2.1193206807268439E-004         911
   2.1122253315164485E-004         912
   2.1055598264052566E-004         913
   2.0985126914885299E-004         914
   2.0918886764942357E-004         915
   2.0848894072433843E-004         916
   2.0783066409535422E-004         917
   2.0713548915729518E-004         918
   2.0648131336953313E-004         919
   2.0579085612038028E-004         920
   2.0514075725541758E-004         921
   2.0445498367549497E-004         922
   2.0380893792659727E-004         923
   2.0312781427134219E-004         924
   2.0248579794324151E-004         925
   2.0180929074176124E-004         926
   2.0117128025065600E-004         927
   2.0049935630184201E-004         928
   1.9986532817517499E-004         929
   1.9919795454625966E-004         930
   1.9856788542282899E-004         931
   1.9790502944594390E-004         932
   1.9727889607612514E-004         933
   1.9662052534608065E-004         934
   1.9599830459149370E-004         935
   1.9534438696322542E-004         936
   1.9472605579662350E-004         937
   1.9407655938286084E-004         938
   1.9346209488813049E-004         939
   1.9281698805695413E-004         940
   1.9220636742933728E-004         941
   1.9156561880095957E-004         942
   1.9095881934638737E-004         943
   1.9032239779270821E-004         944
   1.8971939692813411E-004         945
   1.8908727156785599E-004         946
   1.8848804682081166E-004         947
   1.8786018701899554E-004         948
   1.8726471602792394E-004         949
   1.8664109139288065E-004         950
   1.8604935190658090E-004         951
   1.8542993228776172E-004         952
   1.8484190216550012E-004         953
   1.8422665765105428E-004         954
   1.8364231486178717E-004         955
   1.8303121577678549E-004         956
   1.8245053840015846E-004         957
   1.8184355530392882E-004         958
   1.8126652152916645E-004         959
   1.8066362521329538E-004         960
   1.8009021333931230E-004         961
   1.7949137482509148E-004         962
   1.7892156326015929E-004         963
   1.7832675379714225E-004         964
   1.7776052105955564E-004         965
   1.7716971212289323E-004         966
   1.7660703683908263E-004         967
   1.7602020012796871E-004         968
   1.7546106103405457E-004         969
   1.7487816846872839E-004         970
   1.7432254440896688E-004         971
   1.7374356812971392E-004         972
   1.7319143805716308E-004         973
   1.7261635042176149E-004         974
   1.7206769339761507E-004         975
   1.7149646697955934E-004         976
   1.7095126217281376E-004         977
   1.7038386975887221E-004         978
   1.6984209644677062E-004         979
   1.6927851103509806E-004         980
   1.6874014860213116E-004         981
   1.6818034340138066E-004         982
   1.6764537133917568E-004         983
   1.6708931976550101E-004         984
   1.6655771767259964E-004         985
   1.6600539334765685E-004         986
   1.6547714092962629E-004         987
   1.6492851767968553E-004         988
   1.6440359474856336E-004         989
   1.6385864660151128E-004         990
   1.6333703307536140E-004         991
   1.6279573425981297E-004         992
   1.6227741016272557E-004         993
   1.6173973510535955E-004         994
   1.6122468056689598E-004         995
   1.6069060389189982E-004         996
   1.6017879914687061E-004         997
   1.5964829567305383E-004         998
   1.5913972106162966E-004         999
   1.5861276580098060E-004        1000
   1.5810740176769311E-004        1001
   1.5758396992349155E-004        1002
   1.5708179701778846E-004        1003
   1.5656186398338434E-004        1004
   1.5606286285829718E-004        1005
   1.5554640421522326E-004        1006
   1.5505055562758940E-004        1007
   1.5453754714345180E-004        1008
   1.5404483195413654E-004        1009
   1.5353524958150455E-004        1010
   1.5304564875417981E-004        1011
   1.5253946862892054E-004        1012
   1.5205296322984285E-004        1013
   1.5155016166890078E-004        1014
   1.5106673286713335E-004        1015
   1.5056728636753114E-004        1016
   1.5008691543449970E-004        1017
   1.4959080067156183E-004        1018
   1.4911346898005551E-004        1019
   1.4862066280574293E-004        1020
   1.4814635183024727E-004        1021
   1.4765683127204721E-004        1022
   1.4718552258841111E-004        1023
   1.4669926484711659E-004        1024
   1.4623094013166416E-004        1025
   1.4574792258026381E-004        1026
   1.4528256360979430E-004        1027
   1.4480276379169599E-004        1028
   1.4434035244359489E-004        1029
   1.4386374807162650E-004        1030
   1.4340426632220016E-004        1031
   1.4293083527683326E-004        1032
   1.4247426520275219E-004        1033
   1.4200398553021465E-004        1034
   1.4155030930629309E-004        1035
   1.4108315921812498E-004        1036
   1.4063235911865313E-004        1037
   1.4016831698904220E-004        1038
   1.3972037538612092E-004        1039
   1.3925941975201361E-004        1040
   1.3881431911544340E-004        1041
   1.3835642867354725E-004        1042
   1.3791415157127229E-004        1043
   1.3745930517761185E-004        1044
   1.3701983427472086E-004        1045
   1.3656801094330540E-004        1046
   1.3613132900147651E-004        1047
   1.3568250790230163E-004        1048
   1.3524859777969134E-004        1049
   1.3480275823840593E-004        1050
   1.3437160288898298E-004        1051
   1.3392872438444670E-004        1052
   1.3350030685854719E-004        1053
   1.3306036902227536E-004        1054
   1.3263467246504845E-004        1055
   1.3219765507943571E-004        1056
   1.3177466273139871E-004        1057
   1.3134054572905285E-004        1058
   1.3092024092486998E-004        1059
   1.3048900438639155E-004        1060
   1.3007137055520701E-004        1061
   1.2964299470885621E-004        1062
   1.2922801537340600E-004        1063
   1.2880248059354837E-004        1064
   1.2839013937004928E-004        1065
   1.2796742617560142E-004        1066
   1.2755770677341793E-004        1067
   1.2713779582707030E-004        1068
   1.2673068204782645E-004        1069
   1.2631355415482215E-004        1070
   1.2590902989295660E-004        1071
   1.2549466599920400E-004        1072
   1.2509271524052679E-004        1073
   1.2468109643259950E-004        1074
   1.2428170325429200E-004        1075
   1.2387281075709744E-004        1076
   1.2347595932771238E-004        1077
   1.2306977450415868E-004        1078
   1.2267544908306505E-004        1079
   1.2227195343195163E-004        1080
   1.2188013836844647E-004        1081
   1.2147931352457508E-004        1082
   1.2108999325810554E-004        1083
   1.2069182099039288E-004        1084
   1.2030498004966805E-004        1085
   1.1990944225992450E-004        1086
   1.1952506526302642E-004        1087
   1.1913214398551197E-004        1088
   1.1875021563867438E-004        1089
   1.1835989303832228E-004        1090
   1.1798039813681882E-004        1091
   1.1759265650823636E-004        1092
   1.1721557993471521E-004        1093
   1.1683040170185066E-004        1094
   1.1645572842666763E-004        1095
   1.1607309614036776E-004        1096
   1.1570081122114217E-004        1097
   1.1532070755992940E-004        1098
   1.1495079614032289E-004        1099
   1.1457320390739767E-004        1100
   1.1420565121855741E-004        1101
   1.1383055334224235E-004        1102
   1.1346534470024761E-004        1103
   1.1309272423243311E-004        1104
   1.1272984503918337E-004        1105
   1.1235968515421746E-004        1106
   1.1199912089665531E-004        1107
   1.1163140489078849E-004        1108
   1.1127314114078857E-004        1109
   1.1090785243017542E-004        1110
   1.1055187484387829E-004        1111
   1.1018899696491058E-004        1112
   1.0983529128227865E-004        1113
   1.0947480788947583E-004        1114
   1.0912335993418232E-004        1115
   1.0876525480008059E-004        1116
   1.0841605047873237E-004        1117
   1.0806030749277440E-004        1118
   1.0771333279446793E-004        1119
   1.0735993596133753E-004        1120
   1.0701517695832496E-004        1121
   1.0666411039805812E-004        1122
   1.0632155324385995E-004        1123
   1.0597280118984642E-004        1124
   1.0563243211991757E-004        1125
   1.0528597891912295E-004        1126
   1.0494778424940954E-004        1127
   1.0460361436059884E-004        1128
   1.0426758048864837E-004        1129
   1.0392567848183099E-004        1130
   1.0359179188512702E-004        1131
   1.0325214244055747E-004        1132
   1.0292038967640860E-004        1133
   1.0258297758380941E-004        1134
   1.0225334528946028E-004        1135
   1.0191815544702276E-004        1136
   1.0159063033876592E-004        1137
   1.0125764775259505E-004        1138
   1.0093221662532681E-004        1139
   1.0060142640833103E-004        1140
   1.0027807613532946E-004        1141
   9.9949463506332492E-005        1142
   9.9628181039035368E-005        1143
   9.9301731321776998E-005        1144
   9.8982503689337697E-005        1145
   9.8658202312251753E-005        1146
   9.8341016620873134E-005        1147
   9.8018849115755202E-005        1148
   9.7703692548578580E-005        1149
   9.7383644549364767E-005        1150
   9.7070504366025823E-005        1151
   9.6752561609458887E-005        1152
   9.6441425144977444E-005        1153
   9.6125573468164305E-005        1154
   9.5816428134387621E-005        1155
   9.5502653474910382E-005        1156
   9.5195486757959635E-005        1157
   9.4883775152987404E-005        1158
   9.4578574614256894E-005        1159
   9.4268912199657606E-005        1160
   9.3965665475037596E-005        1161
   9.3658038484045747E-005        1162
   9.3356733283922466E-005        1163
   9.3051128047472176E-005        1164
   9.2751752155284528E-005        1165
   9.2448155101010343E-005        1166
   9.2150696373693997E-005        1167
   9.1849094024376576E-005        1168
   9.1553540392252941E-005        1169
   9.1253919365597014E-005        1170
   9.0960258831263019E-005        1171
   9.0662605839009203E-005        1172
   9.0370826477448318E-005        1173
   9.0075128325262099E-005        1174
   8.9785218282845136E-005        1175
   8.9491461868762556E-005        1176
   8.9203409364246866E-005        1177
   8.8911581678230434E-005        1178
   8.8625375000428441E-005        1179
   8.8335463124034064E-005        1180
   8.8051090632923490E-005        1181
   8.7763081737968207E-005        1182
   8.7480531863914912E-005        1183
   8.7194413212587918E-005        1184
   8.6913674455679768E-005        1185
   8.6629433398766054E-005        1186
   8.6350494328923943E-005        1187
   8.6068118306137364E-005        1188
   8.5790967562449083E-005        1189
   8.5510444100878047E-005        1190
   8.5235070391043166E-005        1191
   8.4956387105372677E-005        1192
   8.4682779205702552E-005        1193
   8.4405923797215010E-005        1194
   8.4134070552299711E-005        1195
   8.3859030807542645E-005        1196
   8.3588921129473803E-005        1197
   8.3315684920481914E-005        1198
   8.3047307788852720E-005        1199
   8.2775863072148681E-005        1200
   8.2509207533609796E-005        1201
   8.2239542349649142E-005        1202
   8.1974597517131542E-005        1203
   8.1706699989414489E-005        1204
   8.1443455042795598E-005        1205
   8.1177313377756022E-005        1206
   8.0915757561972335E-005        1207
   8.0651360047534482E-005        1208
   8.0391482673580761E-005        1209
   8.0128817679714359E-005        1210
   7.9870608124088527E-005        1211
   7.9609664100921407E-005        1212
   7.9353111804292276E-005        1213
   7.9093877282221392E-005        1214
   7.8838971750316844E-005        1215
   7.8581435339453165E-005        1216
   7.8328166141727884E-005        1217
   7.8072316531008212E-005        1218
   7.7820673300754706E-005        1219
   7.7566499257275545E-005        1220
   7.7316471691624145E-005        1221
   7.7063962060419655E-005        1222
   7.6815539919339315E-005        1223
   7.6564683622493135E-005        1224
   7.6317856728347344E-005        1225
   7.6068642764659522E-005        1226
   7.5823401002428348E-005        1227
   7.5575818446305121E-005        1228
   7.5332151763474187E-005        1229
   7.5086189765261047E-005        1230
   7.4844088170045175E-005        1231
   7.4599735955027668E-005        1232
   7.4359189517814173E-005        1233
   7.4116436385107676E-005        1234
   7.3877435236791023E-005        1235
   7.3636270559451766E-005        1236
   7.3398804892099712E-005        1237
   7.3159218116569669E-005        1238
   7.2923278181979967E-005        1239
   7.2685258827198673E-005        1240
   7.2450834937454189E-005        1241
   7.2214372594414655E-005        1242
   7.1981455120995186E-005        1243
   7.1746539452854918E-005        1244
   7.1515118826859236E-005        1245
   7.1281739566719793E-005        1246
   7.1051806278310536E-005        1247
   7.0819953230771837E-005        1248
   7.0591497828287331E-005        1249
   7.0361160867560280E-005        1250
   7.0134173958180668E-005        1251
   6.9905343028087152E-005        1252
   6.9679815276391111E-005        1253
   6.9452480389697868E-005        1254
   6.9228402518328735E-005        1255
   6.9002553756303264E-005        1256
   6.8779916545080866E-005        1257
   6.8555544056825291E-005        1258
   6.8334338342523893E-005        1259
   6.8111432344641898E-005        1260
   6.7891649020990208E-005        1261
   6.7670199797142949E-005        1262
   6.7451829813713893E-005        1263
   6.7231827713953862E-005        1264
   6.7014862076608672E-005        1265
   6.6796297517157655E-005        1266
   6.6580727287601782E-005        1267
   6.6363590749962675E-005        1268
   6.6149407045079656E-005        1269
   6.5933689075925450E-005        1270
   6.5720883067665881E-005        1271
   6.5506574277840457E-005        1272
   6.5295137193221997E-005        1273
   6.5082228258406261E-005        1274
   6.4872151377959320E-005        1275
   6.4660633036783821E-005        1276
   6.4451907696216892E-005        1277
   6.4241770750816940E-005        1278
   6.4034388339129222E-005        1279
   6.3825623654034658E-005        1280
   6.3619575613738100E-005        1281
   6.3412174115984321E-005        1282
   6.3207451942992599E-005        1283
   6.3001404621121360E-005        1284
   6.2797999863861698E-005        1285
   6.2593297767921108E-005        1286
   6.2391202027889392E-005        1287
   6.2187836268545738E-005        1288
   6.1987041198974246E-005        1289
   6.1785002947956080E-005        1290
   6.1585500254257575E-005        1291
   6.1384780742801404E-005        1292
   6.1186562182125037E-005        1293
   6.0987152700975322E-005        1294
   6.0790210081540508E-005        1295
   6.0592101981060686E-005        1296
   6.0396427162490163E-005        1297
   6.0199611851219359E-005        1298
   6.0005196743428968E-005        1299
   5.9809665688526081E-005        1300
   5.9616502252723969E-005        1301
   5.9422246978857451E-005        1302
   5.9230327225545665E-005        1303
   5.9037339315226589E-005        1304
   5.8846655305200279E-005        1305
   5.8654926397894158E-005        1306
   5.8465470241464423E-005        1307
   5.8274992032814055E-005        1308
   5.8086755889696917E-005        1309
   5.7897520132299540E-005        1310
   5.7710496210727769E-005        1311
   5.7522494712802796E-005        1312
   5.7336675269969994E-005        1313
   5.7149899894803902E-005        1314
   5.6965277236753487E-005        1315
   5.6779719902588788E-005        1316
   5.6596286383214789E-005        1317
   5.6411939063361061E-005        1318
   5.6229687083853008E-005        1319
   5.6046541805798711E-005        1320
   5.5865463815640837E-005        1321
   5.5683512660498202E-005        1322
   5.5503601156026150E-005        1323
   5.5322836258420161E-005        1324
   5.5144083783487119E-005        1325
   5.4964497331222439E-005        1326
   5.4786896475755853E-005        1327
   5.4608480709372742E-005        1328
   5.4432024109929422E-005        1329
   5.4254771322259643E-005        1330
   5.4079451661914746E-005        1331
   5.3903354197304409E-005        1332
   5.3729164204985302E-005        1333
   5.3554214459738958E-005        1334
   5.3381146909670107E-005        1335
   5.3207337331495630E-005        1336
   5.3035385043309624E-005        1337
   5.2862708130652081E-005        1338
   5.2691863969278607E-005        1339
   5.2520312271098213E-005        1340
   5.2350569145986903E-005        1341
   5.2180135261092886E-005        1342
   5.2011486126324336E-005        1343
   5.1842162703485961E-005        1344
   5.1674600557882755E-005        1345
   5.1506380295496257E-005        1346
   5.1339898181068655E-005        1347
   5.1172773826380080E-005        1348
   5.1007364829436241E-005        1349
   5.0841329178541450E-005        1350
   5.0676986429021298E-005        1351
   5.0512032325977785E-005        1352
   5.0348748996564829E-005        1353
   5.0184869334390925E-005        1354
   5.0022638641067374E-005        1355
   4.9859826359521797E-005        1356
   4.9698641560902423E-005        1357
   4.9536889647594506E-005        1358
   4.9376744044482557E-005        1359
   4.9216045534206110E-005        1360
   4.9056932470037395E-005        1361
   4.8897280443882529E-005        1362
   4.8739193303504180E-005        1363
   4.8580580889412417E-005        1364
   4.8423513099971061E-005        1365
   4.8265933471292044E-005        1366
   4.8109878501123582E-005        1367
   4.7953324877614278E-005        1368
   4.7798276236132864E-005        1369
   4.7642741882403250E-005        1370
   4.7488693119879244E-005        1371
   4.7334171346058440E-005        1372
   4.7181116053840455E-005        1373
   4.7027600214577525E-005        1374
   4.6875532024204247E-005        1375
   4.6723015518779221E-005        1376
   4.6571928101757365E-005        1377
   4.6420404373304081E-005        1378
   4.6270291441663502E-005        1379
   4.6119753977613698E-005        1380
   4.5970609282686148E-005        1381
   4.5821051613659236E-005        1382
   4.5672868946078360E-005        1383
   4.5524284646103474E-005        1384
   4.5377057836137880E-005        1385
   4.5229440521987740E-005        1386
   4.5083163438874863E-005        1387
   4.4936506770287821E-005        1388
   4.4791173321789834E-005        1389
   4.4645471000137604E-005        1390
   4.4501075132874490E-005        1391
   4.4356320902383395E-005        1392
   4.4212856600722716E-005        1393
   4.4069044247141420E-005        1394
   4.3926505534086502E-005        1395
   4.3783628884241921E-005        1396
   4.3642009820099581E-005        1397
   4.3500062742451995E-005        1398
   4.3359357425387657E-005        1399
   4.3218333829031508E-005        1400
   4.3078536394736133E-005        1401
   4.2938430229289004E-005        1402
   4.2799534850423981E-005        1403
   4.2660340106026595E-005        1404
   4.2522340992334762E-005        1405
   4.2384051698984848E-005        1406
   4.2246943096402312E-005        1407
   4.2109553323954607E-005        1408
   4.1973329515387903E-005        1409
   4.1836833373443127E-005        1410
   4.1701488677436949E-005        1411
   4.1565880314453629E-005        1412
   4.1431409086301052E-005        1413
   4.1296682689484498E-005        1414
   4.1163079319894713E-005        1415
   4.1029229115752130E-005        1416
   4.0896488030961464E-005        1417
   4.0763508283747640E-005        1418
   4.0631623945297513E-005        1419
   4.0499508958014019E-005        1420
   4.0368475863084008E-005        1421
   4.0237219976368976E-005        1422
   4.0107032656222508E-005        1423
   3.9976630248017564E-005        1424
   3.9847283269223155E-005        1425
   3.9717728755106485E-005        1426
   3.9589216718760589E-005        1427
   3.9460504551391828E-005        1428
   3.9332822092563724E-005        1429
   3.9204946761461912E-005        1430
   3.9078088549304724E-005        1431
   3.8951044580626260E-005        1432
   3.8825005318487982E-005        1433
   3.8698787274471513E-005        1434
   3.8573561699117853E-005        1435
   3.8448164178528366E-005        1436
   3.8323747060031721E-005        1437
   3.8199164697050314E-005        1438
   3.8075550838789773E-005        1439
   3.7951778303679795E-005        1440
   3.7828962542230116E-005        1441
   3.7705994539893872E-005        1442
   3.7583971744692413E-005        1443
   3.7461803015670370E-005        1444
   3.7340568088573001E-005        1445
   3.7219193408155604E-005        1446
   3.7098741283436709E-005        1447
   3.6978155461442341E-005        1448
   3.6858481106016860E-005        1449
   3.6738678986680817E-005        1450
   3.6619777399105047E-005        1451
   3.6500753860857493E-005        1452
   3.6382620071218064E-005        1453
   3.6264370026906079E-005        1454
   3.6146999097153021E-005        1455
   3.6029517492486285E-005        1456
   3.5912904516544053E-005        1457
   3.5796186331094049E-005        1458
   3.5680326433529252E-005        1459
   3.5564366679841086E-005        1460
   3.5449255016750669E-005        1461
   3.5334048740787161E-005        1462
   3.5219680498355110E-005        1463
   3.5105222778608614E-005        1464
   3.4991593174327207E-005        1465
   3.4877879121930633E-005        1466
   3.4764983403490213E-005        1467
   3.4652008161772940E-005        1468
   3.4539841607283961E-005        1469
   3.4427600351882859E-005        1470
   3.4316158269431796E-005        1471
   3.4204646207736111E-005        1472
   3.4093923935274439E-005        1473
   3.3983136306425799E-005        1474
   3.3873129211881015E-005        1475
   3.3763061286551377E-005        1476
   3.3653764767271888E-005        1477
   3.3544411846997413E-005        1478
   3.3435821329641513E-005        1479
   3.3327178747599717E-005        1480
   3.3219289687691500E-005        1481
   3.3111352807257965E-005        1482
   3.3004160689742434E-005        1483
   3.2896924905490010E-005        1484
   3.2790425243955923E-005        1485
   3.2683885980544503E-005        1486
   3.2578074317335393E-005        1487
   3.2472227029400891E-005        1488
   3.2367098935170979E-005        1489
   3.2261939107880444E-005        1490
   3.2157490181372594E-005        1491
   3.2053013329647051E-005        1492
   3.1949239198136858E-005        1493
   3.1845440865874153E-005        1494
   3.1742337184059721E-005        1495
   3.1639212945133721E-005        1496
   3.1536775396023842E-005        1497
   3.1434320852952169E-005        1498
   3.1332545146756097E-005        1499
   3.1230755931921372E-005        1500
   3.1129637806159849E-005        1501
   3.1028509579922314E-005        1502
   3.0928044799649612E-005        1503
   3.0827573251346330E-005        1504
   3.0727757608595141E-005        1505
   3.0627938455651815E-005        1506
   3.0528767768989162E-005        1507
   3.0429596757808319E-005        1508
   3.0331066873001689E-005        1509
   3.0232539777297340E-005        1510
   3.0134646566093437E-005        1511
   3.0036759187779261E-005        1512
   2.9939498548792187E-005        1513
   2.9842246717093346E-005        1514
   2.9745614575249490E-005        1515
   2.9648994147035701E-005        1516
   2.9552986453462715E-005        1517
   2.9456993312915181E-005        1518
   2.9361606043498689E-005        1519
   2.9266236101777032E-005        1520
   2.9171465259381080E-005        1521
   2.9076714455067432E-005        1522
   2.8982556067536080E-005        1523
   2.8888420364969747E-005        1524
   2.8794870485571167E-005        1525
   2.8701345876402939E-005        1526
   2.8608400583829408E-005        1527
   2.8515483086022364E-005        1528
   2.8423138483946175E-005        1529
   2.8330824141553634E-005        1530
   2.8239076358849147E-005        1531
   2.8147361241459556E-005        1532
   2.8056206431426034E-005        1533
   2.7965086635162173E-005        1534
   2.7874520975856854E-005        1535
   2.7783992622376630E-005        1536
   2.7694012316059613E-005        1537
   2.7604071552222997E-005        1538
   2.7514672826023379E-005        1539
   2.7425315824114449E-005        1540
   2.7336494929031119E-005        1541
   2.7247717886758061E-005        1542
   2.7159471097548682E-005        1543
   2.7071270237488676E-005        1544
   2.6983593852891730E-005        1545
   2.6895965422379930E-005        1546
   2.6808855765003692E-005        1547
   2.6721796035800160E-005        1548
   2.6635249451789633E-005        1549
   2.6548754720634449E-005        1550
   2.6462767579449320E-005        1551
   2.6376834166841334E-005        1552
   2.6291402861589042E-005        1553
   2.6206027112229968E-005        1554
   2.6121148058555477E-005        1555
   2.6036326341905003E-005        1556
   2.5951995978323872E-005        1557
   2.5867724687267390E-005        1558
   2.5783939475831907E-005        1559
   2.5700215026347450E-005        1560
   2.5616971451314363E-005        1561
   2.5533790283582825E-005        1562
   2.5451084851857431E-005        1563
   2.5368443429485410E-005        1564
   2.5286272670177468E-005        1565
   2.5204167479198070E-005        1566
   2.5122527944176909E-005        1567
   2.5040955494493033E-005        1568
   2.4959843756722222E-005        1569
   2.4878800580885319E-005        1570
   2.4798213236532085E-005        1571
   2.4717695889742153E-005        1572
   2.4637629555956941E-005        1573
   2.4557634616062529E-005        1574
   2.4478085932200244E-005        1575
   2.4398609999143339E-005        1576
   2.4319575625986189E-005        1577
   2.4240615322579373E-005        1578
   2.4162091942114827E-005        1579
   2.4083643913153097E-005        1580
   2.4005628228573883E-005        1581
   2.3927689140390562E-005        1582
   2.3850177876538758E-005        1583
   2.3772744418004699E-005        1584
   2.3695734320261508E-005        1585
   2.3618803201452820E-005        1586
   2.3542291036404706E-005        1587
   2.3465858989379917E-005        1588
   2.3389841544152468E-005        1589
   2.3313905321953321E-005        1590
   2.3238379404211251E-005        1591
   2.3162935781195770E-005        1592
   2.3087898219698033E-005        1593
   2.3012943991651547E-005        1594
   2.2938391634697020E-005        1595
   2.2863923618055004E-005        1596
   2.2789853334703736E-005        1597
   2.2715868367217951E-005        1598
   2.2642277046291959E-005        1599
   2.2568771985920222E-005        1600
   2.2495656536669628E-005        1601
   2.2422628261908883E-005        1602
   2.2349985612901691E-005        1603
   2.2277431023232097E-005        1604
   2.2205258123242366E-005        1605
   2.2133174138017075E-005        1606
   2.2061467955136749E-005        1607
   2.1989851514025993E-005        1608
   2.1918609035775916E-005        1609
   2.1847457098544965E-005        1610
   2.1776675331874884E-005        1611
   2.1705984877828932E-005        1612
   2.1635660849450566E-005        1613
   2.1565428877989845E-005        1614
   2.1495559632711547E-005        1615
   2.1425783162776213E-005        1616
   2.1356365765057284E-005        1617
   2.1287041835238441E-005        1618
   2.1218073368300949E-005        1619
   2.1149199036174515E-005        1620
   2.1080676601670234E-005        1621
   2.1012248944574097E-005        1622
   2.0944169663250634E-005        1623
   2.0876185777285450E-005        1624
   2.0808546788098070E-005        1625
   2.0741003788238288E-005        1626
   2.0673802248682982E-005        1627
   2.0606697269220930E-005        1628
   2.0539930354890323E-005        1629
   2.0473260548437011E-005        1630
   2.0406925453242408E-005        1631
   2.0340687991504680E-005        1632
   2.0274781927454022E-005        1633
   2.0208974000013313E-005        1634
   2.0143494196656064E-005        1635
   2.0078113011856580E-005        1636
   2.0013056717060884E-005        1637
   1.9948099501232441E-005        1638
   1.9883463980185923E-005        1639
   1.9818927978088041E-005        1640
   1.9754710514074958E-005        1641
   1.9690592988230726E-005        1642
   1.9626790881299705E-005        1643
   1.9563089112217824E-005        1644
   1.9499699680292082E-005        1645
   1.9436410966466866E-005        1646
   1.9373431544345010E-005        1647
   1.9310553201590253E-005        1648
   1.9247981141612414E-005        1649
   1.9185510503283432E-005        1650
   1.9123343174443086E-005        1651
   1.9061277591547743E-005        1652
   1.8999512380046824E-005        1653
   1.8937849221023484E-005        1654
   1.8876483529828292E-005        1655
   1.8815220179546621E-005        1656
   1.8754251428276802E-005        1657
   1.8693385289703102E-005        1658
   1.8632810914520626E-005        1659
   1.8572339406608407E-005        1660
   1.8512156860217566E-005        1661
   1.8452077419350843E-005        1662
   1.8392284171109274E-005        1663
   1.8332594250436429E-005        1664
   1.8273187785577960E-005        1665
   1.8213884854678675E-005        1666
   1.8154862674757410E-005        1667
   1.8095944219642668E-005        1668
   1.8037303842421970E-005        1669
   1.7978767365756099E-005        1670
   1.7920506324875518E-005        1671
   1.7862349345421080E-005        1672
   1.7804465190507379E-005        1673
   1.7746685243458238E-005        1674
   1.7689175539459256E-005        1675
   1.7631770175885464E-005        1676
   1.7574632504291365E-005        1677
   1.7517599291250185E-005        1678
   1.7460831248206077E-005        1679
   1.7404167768741985E-005        1680
   1.7347766966602229E-005        1681
   1.7291470819413846E-005        1682
   1.7235434885298773E-005        1683
   1.7179503684516817E-005        1684
   1.7123830261422945E-005        1685
   1.7068261637609439E-005        1686
   1.7012948382855164E-005        1687
   1.6957739981116049E-005        1688
   1.6902784568118001E-005        1689
   1.6847934049324387E-005        1690
   1.6793334165821072E-005        1691
   1.6738839205832079E-005        1692
   1.6684592554772060E-005        1693
   1.6630450845211975E-005        1694
   1.6576555144087735E-005        1695
   1.6522764390902722E-005        1696
   1.6469217372194755E-005        1697
   1.6415775296541035E-005        1698
   1.6362574707162736E-005        1699
   1.6309479045295561E-005        1700
   1.6256622646371177E-005        1701
   1.6203871149200744E-005        1702
   1.6151356716953558E-005        1703
   1.6098947149822962E-005        1704
   1.6046772474243021E-005        1705
   1.5994702617039280E-005        1706
   1.5942865502771575E-005        1707
   1.5891133150369718E-005        1708
   1.5839631415603961E-005        1709
   1.5788234376867827E-005        1710
   1.5737065854559695E-005        1711
   1.5686001952452955E-005        1712
   1.5635164489213871E-005        1713
   1.5584431561244116E-005        1714
   1.5533923017452267E-005        1715
   1.5483518915004879E-005        1716
   1.5433337165138283E-005        1717
   1.5383259753809497E-005        1718
   1.5333402685446806E-005        1719
   1.5283649844488600E-005        1720
   1.5234115359530342E-005        1721
   1.5184684982294527E-005        1722
   1.5135470995630840E-005        1723
   1.5086360988680880E-005        1724
   1.5037465429190711E-005        1725
   1.4988673713411949E-005        1726
   1.4940094522630787E-005        1727
   1.4891619032231240E-005        1728
   1.4843354165350320E-005        1729
   1.4795192847638639E-005        1730
   1.4747240273060847E-005        1731
   1.4699391089112446E-005        1732
   1.4651748788341301E-005        1733
   1.4604209712332228E-005        1734
   1.4556875679749837E-005        1735
   1.4509644698845747E-005        1736
   1.4462616941934847E-005        1737
   1.4415692057068163E-005        1738
   1.4368968595745990E-005        1739
   1.4322347820283632E-005        1740
   1.4275926687679075E-005        1741
   1.4229608048088593E-005        1742
   1.4183487289987085E-005        1743
   1.4137468825503596E-005        1744
   1.4091646500125066E-005        1745
   1.4045926262973296E-005        1746
   1.4000400441083194E-005        1747
   1.3954976495922367E-005        1748
   1.3909745260831663E-005        1749
   1.3864615684977544E-005        1750
   1.3819677132542729E-005        1751
   1.3774840015856604E-005        1752
   1.3730192253702533E-005        1753
   1.3685645698702231E-005        1754
   1.3641286846666212E-005        1755
   1.3597028967748948E-005        1756
   1.3552957158435852E-005        1757
   1.3508986082766405E-005        1758
   1.3465199460105381E-005        1759
   1.3421513326838941E-005        1760
   1.3378010047415678E-005        1761
   1.3334607007475796E-005        1762
   1.3291385239311282E-005        1763
   1.3248263456278053E-005        1764
   1.3205321379383683E-005        1765
   1.3162479028272500E-005        1766
   1.3119814834094967E-005        1767
   1.3077250102244697E-005        1768
   1.3034861994110081E-005        1769
   1.2992573080183867E-005        1770
   1.2950459273519677E-005        1771
   1.2908444388171070E-005        1772
   1.2866603108840913E-005        1773
   1.2824860474602851E-005        1774
   1.2783289960682787E-005        1775
   1.2741817811079414E-005        1776
   1.2700516312080801E-005        1777
   1.2659312892293606E-005        1778
   1.2618278668719007E-005        1779
   1.2577342235697841E-005        1780
   1.2536573559152053E-005        1781
   1.2495902380948998E-005        1782
   1.2455397534472112E-005        1783
   1.2414989890685568E-005        1784
   1.2374747168086841E-005        1785
   1.2334601348973351E-005        1786
   1.2294619055497336E-005        1787
   1.2254733362859760E-005        1788
   1.2215009814298128E-005        1789
   1.2175382560597470E-005        1790
   1.2135916083955145E-005        1791
   1.2096545592976682E-005        1792
   1.2057334526138774E-005        1793
   1.2018219132325925E-005        1794
   1.1979261823391596E-005        1795
   1.1940399872290008E-005        1796
   1.1901694680238606E-005        1797
   1.1863084528052070E-005        1798
   1.1824629822188015E-005        1799
   1.1786269835667440E-005        1800
   1.1748063996952496E-005        1801
   1.1709952553506930E-005        1802
   1.1671993972006689E-005        1803
   1.1634129459481279E-005        1804
   1.1596416536363563E-005        1805
   1.1558797353594663E-005        1806
   1.1521328500019301E-005        1807
   1.1483953055946294E-005        1808
   1.1446726693398190E-005        1809
   1.1409593407063490E-005        1810
   1.1372607967352621E-005        1811
   1.1335715268456781E-005        1812
   1.1298969193718200E-005        1813
   1.1262315521842758E-005        1814
   1.1225807263870458E-005        1815
   1.1189391068922028E-005        1816
   1.1153119089390984E-005        1817
   1.1116938831490231E-005        1818
   1.1080901602511517E-005        1819
   1.1044955751549068E-005        1820
   1.1009151754781676E-005        1821
   1.0973438790640166E-005        1822
   1.0937866517735095E-005        1823
   1.0902384930289166E-005        1824
   1.0867042882334310E-005        1825
   1.0831791171117544E-005        1826
   1.0796677858970760E-005        1827
   1.0761654533397724E-005        1828
   1.0726768477908877E-005        1829
   1.0691972056831034E-005        1830
   1.0657311788064838E-005        1831
   1.0622740800325658E-005        1832
   1.0588304857894748E-005        1833
   1.0553957841774597E-005        1834
   1.0519744774617479E-005        1835
   1.0485620277833618E-005        1836
   1.0451628644214672E-005        1837
   1.0417725223921259E-005        1838
   1.0383953591874828E-005        1839
   1.0350269814773938E-005        1840
   1.0316716760994105E-005        1841
   1.0283251202447552E-005        1842
   1.0249915313398361E-005        1843
   1.0216666558982013E-005        1844
   1.0183546429565205E-005        1845
   1.0150513073514666E-005        1846
   1.0117607308512966E-005        1847
   1.0084787954056651E-005        1848
   1.0052095166579456E-005        1849
   1.0019488426493695E-005        1850
   9.9870072388652531E-006        1851
   9.9546117344750940E-006        1852
   9.9223407782345063E-006        1853
   9.8901551401908705E-006        1854
   9.8580930550928869E-006        1855
   9.8261159224843908E-006        1856
   9.7942613574986126E-006        1857
   9.7624913787397460E-006        1858
   9.7308429913844918E-006        1859
   9.6992788234384619E-006        1860
   9.6678352801138345E-006        1861
   9.6364755887146103E-006        1862
   9.6052355642584075E-006        1863
   9.5740790237996976E-006        1864
   9.5430412015984345E-006        1865
   9.5120864951336870E-006        1866
   9.4812495669005514E-006        1867
   9.4504953858098872E-006        1868
   9.4198580523618958E-006        1869
   9.3893030969072200E-006        1870
   9.3588640669439727E-006        1871
   9.3285070454918184E-006        1872
   9.2982650360395880E-006        1873
   9.2681046653941834E-006        1874
   9.2380584018059153E-006        1875
   9.2080934073202059E-006        1876
   9.1782416230534736E-006        1877
   9.1484707381850328E-006        1878
   9.1188121754681717E-006        1879
   9.0892341418902234E-006        1880
   9.0597675507231301E-006        1881
   9.0303811182135263E-006        1882
   9.0011052562566363E-006        1883
   8.9719091830309239E-006        1884
   8.9428228166044121E-006        1885
   8.9138158687607216E-006        1886
   8.8849177718453021E-006        1887
   8.8560987233643473E-006        1888
   8.8273876777122950E-006        1889
   8.7987553105683958E-006        1890
   8.7702301063696808E-006        1891
   8.7417832103087179E-006        1892
   8.7134426454138492E-006        1893
   8.6851800183973538E-006        1894
   8.6570228977622676E-006        1895
   8.6289433456343545E-006        1896
   8.6009684824306376E-006        1897
   8.5730708183628934E-006        1898
   8.5452770336447159E-006        1899
   8.5175600785802885E-006        1900
   8.4899462005072479E-006        1901
   8.4624087833828909E-006        1902
   8.4349736481081905E-006        1903
   8.4076146049660849E-006        1904
   8.3803570560814222E-006        1905
   8.3531752311793994E-006        1906
   8.3260941194929217E-006        1907
   8.2990883638611734E-006        1908
   8.2721825480636113E-006        1909
   8.2453517206149129E-006        1910
   8.2186200663914022E-006        1911
   8.1919630335880456E-006        1912
   8.1654044139511939E-006        1913
   8.1389200490278313E-006        1914
   8.1125333445397629E-006        1915
   8.0862205287246525E-006        1916
   8.0600046268308745E-006        1917
   8.0338622482356570E-006        1918
   8.0078160440422153E-006        1919
   7.9818429981060035E-006        1920
   7.9559653934913044E-006        1921
   7.9301605825365939E-006        1922
   7.9044504863734488E-006        1923
   7.8788128203832741E-006        1924
   7.8532691492050333E-006        1925
   7.8277975447127446E-006        1926
   7.8024192216030741E-006        1927
   7.7771126023584713E-006        1928
   7.7518985571733978E-006        1929
   7.7267558541427306E-006        1930
   7.7017050239547302E-006        1931
   7.6767251746545639E-006        1932
   7.6518365035305180E-006        1933
   7.6270184525828455E-006        1934
   7.6022908912509735E-006        1935
   7.5776335904942371E-006        1936
   7.5530660960110296E-006        1937
   7.5285685033898986E-006        1938
   7.5041600403613629E-006        1939
   7.4798211208149112E-006        1940
   7.4555706601753258E-006        1941
   7.4313893855260105E-006        1942
   7.4072959048709919E-006        1943
   7.3832712534915856E-006        1944
   7.3593337369670664E-006        1945
   7.3354646937806578E-006        1946
   7.3116821323049308E-006        1947
   7.2879676893400358E-006        1948
   7.2643390800486429E-006        1949
   7.2407782349959149E-006        1950
   7.2173025815747138E-006        1951
   7.1938943394522781E-006        1952
   7.1705706523594870E-006        1953
   7.1473140240696509E-006        1954
   7.1241413195366476E-006        1955
   7.1010353227540790E-006        1956
   7.0780126241176688E-006        1957
   7.0550562826232621E-006        1958
   7.0321826191044323E-006        1959
   7.0093749631183755E-006        1960
   6.9866493701553622E-006        1961
   6.9639894364481592E-006        1962
   6.9414109559184922E-006        1963
   6.9188977870338064E-006        1964
   6.8964654668102199E-006        1965
   6.8740981118420308E-006        1966
   6.8518110063475746E-006        1967
   6.8295885207181328E-006        1968
   6.8074456899269720E-006        1969
   6.7853671343875988E-006        1970
   6.7633676446021695E-006        1971
   6.7414320867875688E-006        1972
   6.7195750107496011E-006        1973
   6.6977815241786587E-006        1974
   6.6760659400699751E-006        1975
   6.6544136042567814E-006        1976
   6.6328385963654313E-006        1977
   6.6113264964862140E-006        1978
   6.5898911552064732E-006        1979
   6.5685183826547089E-006        1980
   6.5472218038209462E-006        1981
   6.5259874559853159E-006        1982
   6.5048287419822159E-006        1983
   6.4837319220245604E-006        1984
   6.4627101802328113E-006        1985
   6.4417499966440417E-006        1986
   6.4208643408836252E-006        1987
   6.4000399088159909E-006        1988
   6.3792894585690263E-006        1989
   6.3585998980597580E-006        1990
   6.3379837780264126E-006        1991
   6.3174282156630568E-006        1992
   6.2969455565387022E-006        1993
   6.2765231235717422E-006        1994
   6.2561730617138878E-006        1995
   6.2358828959441226E-006        1996
   6.2156645733724147E-006        1997
   6.1955058177076694E-006        1998
   6.1754183815487806E-006        1999
   6.1553901846700398E-006        2000
   6.1354327878238024E-006        2001
   6.1155343037411214E-006        2002
   6.0957061047695049E-006        2003
   6.0759364932660986E-006        2004
   6.0562366559491210E-006        2005
   6.0365950818042080E-006        2006
   6.0170227754730021E-006        2007
   5.9975084092389608E-006        2008
   5.9780628082206633E-006        2009
   5.9586748261120093E-006        2010
   5.9393551106179387E-006        2011
   5.9200926932900799E-006        2012
   5.9008980486385809E-006        2013
   5.8817603828531517E-006        2014
   5.8626899996916393E-006        2015
   5.8436762770952555E-006        2016
   5.8247293507340814E-006        2017
   5.8058387685244739E-006        2018
   5.7870145001581719E-006        2019
   5.7682462604180529E-006        2020
   5.7495438562371604E-006        2021
   5.7308971663783126E-006        2022
   5.7123158377914152E-006        2023
   5.6937899101106026E-006        2024
   5.6753288734112672E-006        2025
   5.6569229257563691E-006        2026
   5.6385814023451886E-006        2027
   5.6202946575600876E-006        2028
   5.6020718736116137E-006        2029
   5.5839035593141517E-006        2030
   5.5657987467760961E-006        2031
   5.5477480956911407E-006        2032
   5.5297604907300624E-006        2033
   5.5118267406895072E-006        2034
   5.4939555850230803E-006        2035
   5.4761379785217557E-006        2036
   5.4583825183085466E-006        2037
   5.4406803029483086E-006        2038
   5.4230397892318649E-006        2039
   5.4054522176105735E-006        2040
   5.3879259066524909E-006        2041
   5.3704522359199203E-006        2042
   5.3530393884226868E-006        2043
   5.3356788808356370E-006        2044
   5.3183787622756995E-006        2045
   5.3011306846428852E-006        2046
   5.2839425652706495E-006        2047
   5.2668061895078111E-006        2048
   5.2497293449027538E-006        2049
   5.2327039471444792E-006        2050
   5.2157376568828795E-006        2051
   5.1988225182597603E-006        2052
   5.1819660665808343E-006        2053
   5.1651604726643541E-006        2054
   5.1484131490253660E-006        2055
   5.1317163903830121E-006        2056
   5.1150774877939398E-006        2057
   5.0984888595451139E-006        2058
   5.0819576766780727E-006        2059
   5.0654764780500017E-006        2060
   5.0490523176849322E-006        2061
   5.0326778530118688E-006        2062
   5.0163600224806260E-006        2063
   5.0000915998715811E-006        2064
   4.9838794108358897E-006        2065
   4.9677163438399674E-006        2066
   4.9516091125134665E-006        2067
   4.9355507184545289E-006        2068
   4.9195477654917497E-006        2069
   4.9035933663565956E-006        2070
   4.8876940166309168E-006        2071
   4.8718429388472373E-006        2072
   4.8560465220059967E-006        2073
   4.8402980962203301E-006        2074
   4.8246039457966461E-006        2075
   4.8089575068743784E-006        2076
   4.7933649610643059E-006        2077
   4.7778198487558043E-006        2078
   4.7623282496411790E-006        2079
   4.7468838074715691E-006        2080
   4.7314925020192078E-006        2081
   4.7161480775104181E-006        2082
   4.7008564162398514E-006        2083
   4.6856113620208362E-006        2084
   4.6704187001145314E-006        2085
   4.6552723719228695E-006        2086
   4.6401780686711191E-006        2087
   4.6251298273514152E-006        2088
   4.6101332461523370E-006        2089
   4.5951824563239541E-006        2090
   4.5802829642394016E-006        2091
   4.5654289946295279E-006        2092
   4.5506259634953139E-006        2093
   4.5358681870499851E-006        2094
   4.5211609920325913E-006        2095
   4.5064987856946459E-006        2096
   4.4918868069565576E-006        2097
   4.4773195515546149E-006        2098
   4.4628021725889866E-006        2099
   4.4483292530594909E-006        2100
   4.4339058615783244E-006        2101
   4.4195266666324784E-006        2102
   4.4051966541225340E-006        2103
   4.3909105771344770E-006        2104
   4.3766733393013624E-006        2105
   4.3624797767538581E-006        2106
   4.3483347130779393E-006        2107
   4.3342330661166883E-006        2108
   4.3201795796310449E-006        2109
   4.3061692527324169E-006        2110
   4.2922067509110207E-006        2111
   4.2782871523261434E-006        2112
   4.2644150463067021E-006        2113
   4.2505855885055510E-006        2114
   4.2368032929784860E-006        2115
   4.2230633923168170E-006        2116
   4.2093703257473081E-006        2117
   4.1957194016895016E-006        2118
   4.1821149869836205E-006        2119
   4.1685524636569937E-006        2120
   4.1550361263853475E-006        2121
   4.1415614312478866E-006        2122
   4.1281326015329967E-006        2123
   4.1147451652623346E-006        2124
   4.1014032768904585E-006        2125
   4.0881025343830757E-006        2126
   4.0748470244711399E-006        2127
   4.0616324145092975E-006        2128
   4.0484627235048976E-006        2129
   4.0353336879794810E-006        2130
   4.0222492607711047E-006        2131
   4.0092052453477578E-006        2132
   3.9962055297104726E-006        2133
   3.9832459840516421E-006        2134
   3.9703304317573185E-006        2135
   3.9574548084120309E-006        2136
   3.9446228746742307E-006        2137
   3.9318306302993378E-006        2138
   3.9190817737733141E-006        2139
   3.9063723681342921E-006        2140
   3.8937060511390342E-006        2141
   3.8810789477761176E-006        2142
   3.8684946358502614E-006        2143
   3.8559493016343538E-006        2144
   3.8434464640912935E-006        2145
   3.8309823694460121E-006        2146
   3.8185604789298111E-006        2147
   3.8061770976094422E-006        2148
   3.7938356299838105E-006        2149
   3.7815324392953542E-006        2150
   3.7692708738656933E-006        2151
   3.7570473544468186E-006        2152
   3.7448651739602212E-006        2153
   3.7327208100013110E-006        2154
   3.7206175006465614E-006        2155
   3.7085517792245781E-006        2156
   3.6965268304101073E-006        2157
   3.6845392422657497E-006        2158
   3.6725921466196354E-006        2159
   3.6606821856022265E-006        2160
   3.6488124395273047E-006        2161
   3.6369796027058143E-006        2162
   3.6251867052694564E-006        2163
   3.6134304933765904E-006        2164
   3.6017139468658144E-006        2165
   3.5900338637429030E-006        2166
   3.5783931741084629E-006        2167
   3.5667887262613718E-006        2168
   3.5552234023406015E-006        2169
   3.5436941001609767E-006        2170
   3.5322036545659685E-006        2171
   3.5207490113320361E-006        2172
   3.5093329586732835E-006        2173
   3.4979524911049609E-006        2174
   3.4866103498787382E-006        2175
   3.4753035774715002E-006        2176
   3.4640348692827061E-006        2177
   3.4528013145296299E-006        2178
   3.4416055643138321E-006        2179
   3.4304447528166193E-006        2180
   3.4193214880628986E-006        2181
   3.4082329490869867E-006        2182
   3.3971817003930482E-006        2183
   3.3861649659794324E-006        2184
   3.3751852670516058E-006        2185
   3.3642398717947941E-006        2186
   3.3533312597811005E-006        2187
   3.3424567418283146E-006        2188
   3.3316187564302879E-006        2189
   3.3208146568153296E-006        2190
   3.3100468408431283E-006        2191
   3.2993127031533120E-006        2192
   3.2886146024146967E-006        2193
   3.2779499736790285E-006        2194
   3.2673211366462951E-006        2195
   3.2567255671134276E-006        2196
   3.2461655454785188E-006        2197
   3.2356385875065286E-006        2198
   3.2251469359589890E-006        2199
   3.2146881449035547E-006        2200
   3.2042644207974647E-006        2201
   3.1938733555669785E-006        2202
   3.1835171190319755E-006        2203
   3.1731933410883428E-006        2204
   3.1629041550296222E-006        2205
   3.1526472282772389E-006        2206
   3.1424246589306648E-006        2207
   3.1322341507156182E-006        2208
   3.1220777667595456E-006        2209
   3.1119532469814359E-006        2210
   3.1018626197587551E-006        2211
   3.0918036607596733E-006        2212
   3.0817783649439434E-006        2213
   3.0717845421746048E-006        2214
   3.0618241544377867E-006        2215
   3.0518950462354866E-006        2216
   3.0419991466912322E-006        2217
   3.0321343337247342E-006        2218
   3.0223025047071417E-006        2219
   3.0125015708648561E-006        2220
   3.0027333974835813E-006        2221
   2.9929959287633423E-006        2222
   2.9832909992366652E-006        2223
   2.9736165848559537E-006        2224
   2.9639744895115783E-006        2225
   2.9543627207972989E-006        2226
   2.9447830527384866E-006        2227
   2.9352335243482131E-006        2228
   2.9257158796758276E-006        2229
   2.9162281885986019E-006        2230
   2.9067721656339529E-006        2231
   2.8973459111902855E-006        2232
   2.8879511110302403E-006        2233
   2.8785858952051768E-006        2234
   2.8692519216111378E-006        2235
   2.8599473492763039E-006        2236
   2.8506738085631866E-006        2237
   2.8414294868106538E-006        2238
   2.8322159875138198E-006        2239
   2.8230315264332617E-006        2240
   2.8138776797526077E-006        2241
   2.8047526916541443E-006        2242
   2.7956581116761470E-006        2243
   2.7865922109793217E-006        2244
   2.7775565138998815E-006        2245
   2.7685493184659293E-006        2246
   2.7595721230344594E-006        2247
   2.7506232522789276E-006        2248
   2.7417041796873320E-006        2249
   2.7328132562454144E-006        2250
   2.7239519304611548E-006        2251
   2.7151185787444021E-006        2252
   2.7063146259553861E-006        2253
   2.6975384732619290E-006        2254
   2.6887915217654879E-006        2255
   2.6800721977249253E-006        2256
   2.6713818785939480E-006        2257
   2.6627190150563251E-006        2258
   2.6540849614731243E-006        2259
   2.6454781929530213E-006        2260
   2.6369000409864896E-006        2261
   2.6283490042189328E-006        2262
   2.6198263917143194E-006        2263
   2.6113307256547813E-006        2264
   2.6028632931218709E-006        2265
   2.5944226391683145E-006        2266
   2.5860100293373378E-006        2267
   2.5776240314412391E-006        2268
   2.5692658894849174E-006        2269
   2.5609341933741092E-006        2270
   2.5526301665745876E-006        2271
   2.5443524210855273E-006        2272
   2.5361021590564192E-006        2273
   2.5278780144688540E-006        2274
   2.5196811692662635E-006        2275
   2.5115102783024312E-006        2276
   2.5033665039808639E-006        2277
   2.4952485219165155E-006        2278
   2.4871574749729675E-006        2279
   2.4790920593042998E-006        2280
   2.4710533984562133E-006        2281
   2.4630402085668024E-006        2282
   2.4550535946410434E-006        2283
   2.4470922923569560E-006        2284
   2.4391573882898143E-006        2285
   2.4312476376575631E-006        2286
   2.4233641087167967E-006        2287
   2.4155055758923183E-006        2288
   2.4076730893440867E-006        2289
   2.3998654428147859E-006        2290
   2.3920836683677393E-006        2291
   2.3843265783973777E-006        2292
   2.3765951875365232E-006        2293
   2.3688883268313532E-006        2294
   2.3612069933731661E-006        2295
   2.3535500366378415E-006        2296
   2.3459184368412878E-006        2297
   2.3383110607788637E-006        2298
   2.3307288723461994E-006        2299
   2.3231707559911996E-006        2300
   2.3156376591781935E-006        2301
   2.3081284836745652E-006        2302
   2.3006441606243655E-006        2303
   2.2931836085593460E-006        2304
   2.2857477434135021E-006        2305
   2.2783355002609085E-006        2306
   2.2709477793814159E-006        2307
   2.2635835325024445E-006        2308
   2.2562436442497003E-006        2309
   2.2489270823378149E-006        2310
   2.2416347169595952E-006        2311
   2.2343655315948396E-006        2312
   2.2271203814483442E-006        2313
   2.2198982656540522E-006        2314
   2.2127000248728379E-006        2315
   2.2055246738927892E-006        2316
   2.1983730390529033E-006        2317
   2.1912441501292790E-006        2318
   2.1841388193610811E-006        2319
   2.1770560915124193E-006        2320
   2.1699967650556928E-006        2321
   2.1629598994099553E-006        2322
   2.1559462793918627E-006        2323
   2.1489549787423456E-006        2324
   2.1419867693994732E-006        2325
   2.1350407388709414E-006        2326
   2.1281176459941875E-006        2327
   2.1212165925987847E-006        2328
   2.1143383240884717E-006        2329
   2.1074819562816316E-006        2330
   2.1006482219254607E-006        2331
   2.0938362506051078E-006        2332
   2.0870467621891819E-006        2333
   2.0802788995855082E-006        2334
   2.0735333707833092E-006        2335
   2.0668093312359304E-006        2336
   2.0601074773862749E-006        2337
   2.0534269772332081E-006        2338
   2.0467685153402471E-006        2339
   2.0401312728068888E-006        2340
   2.0335159220952193E-006        2341
   2.0269216569612780E-006        2342
   2.0203491380987870E-006        2343
   2.0137975720313506E-006        2344
   2.0072676079063712E-006        2345
   2.0007584643488840E-006        2346
   1.9942707794040615E-006        2347
   1.9878037836873474E-006        2348
   1.9813581043637285E-006        2349
   1.9749329834839457E-006        2350
   1.9685290377768894E-006        2351
   1.9621455205065530E-006        2352
   1.9557830380767527E-006        2353
   1.9494408551867792E-006        2354
   1.9431195674712853E-006        2355
   1.9368184513979259E-006        2356
   1.9305380919432125E-006        2357
   1.9242777765660080E-006        2358
   1.9180380801397945E-006        2359
   1.9118183012256651E-006        2360
   1.9056190048161170E-006        2361
   1.8994394999083397E-006        2362
   1.8932803419469124E-006        2363
   1.8871408502540987E-006        2364
   1.8810215707265598E-006        2365
   1.8749218332336781E-006        2366
   1.8688421739021521E-006        2367
   1.8627819329264383E-006        2368
   1.8567416375514512E-006        2369
   1.8507206375195651E-006        2370
   1.8447194509718656E-006        2371
   1.8387374378647792E-006        2372
   1.8327751070135179E-006        2373
   1.8268318282554930E-006        2374
   1.8209081016351547E-006        2375
   1.8150033064268101E-006        2376
   1.8091179341261920E-006        2377
   1.8032513733334810E-006        2378
   1.7974041068846702E-006        2379
   1.7915755325947913E-006        2380
   1.7857661253062318E-006        2381
   1.7799752917158074E-006        2382
   1.7742034984502553E-006        2383
   1.7684501613102199E-006        2384
   1.7627157384847436E-006        2385
   1.7569996549893219E-006        2386
   1.7513023607973466E-006        2387
   1.7456232895840529E-006        2388
   1.7399628836622938E-006        2389
   1.7343205850339771E-006        2390
   1.7286968285734616E-006        2391
   1.7230910646093278E-006        2392
   1.7175037201333510E-006        2393
   1.7119342539118065E-006        2394
   1.7063830858310425E-006        2395
   1.7008496825399178E-006        2396
   1.6953344567083306E-006        2397
   1.6898368827567012E-006        2398
   1.6843573661384781E-006        2399
   1.6788953896007541E-006        2400
   1.6734513511584836E-006        2401
   1.6680247417744098E-006        2402
   1.6626159518029482E-006        2403
   1.6572244800894254E-006        2404
   1.6518507105489633E-006        2405
   1.6464941490212937E-006        2406
   1.6411551730932672E-006        2407
   1.6358332958210653E-006        2408
   1.6305288881302005E-006        2409
   1.6252414705153484E-006        2410
   1.6199714073517057E-006        2411
   1.6147182261283533E-006        2412
   1.6094822852252832E-006        2413
   1.6042631189039369E-006        2414
   1.5990610791050131E-006        2415
   1.5938757073064025E-006        2416
   1.5887073490095105E-006        2417
   1.5835555530196999E-006        2418
   1.5784206585101046E-006        2419
   1.5733022208364034E-006        2420
   1.5682005732875481E-006        2421
   1.5631152776585111E-006        2422
   1.5580466621312183E-006        2423
   1.5529942943848241E-006        2424
   1.5479584962729831E-006        2425
   1.5429388431353885E-006        2426
   1.5379356504974240E-006        2427
   1.5329484999160314E-006        2428
   1.5279777014765017E-006        2429
   1.5230228431750703E-006        2430
   1.5180842293238683E-006        2431
   1.5131614540253580E-006        2432
   1.5082548163736220E-006        2433
   1.5033639162442824E-006        2434
   1.4984890477354185E-006        2435
   1.4936298162737671E-006        2436
   1.4887865112944709E-006        2437
   1.4839587439974267E-006        2438
   1.4791467979335948E-006        2439
   1.4743502906311434E-006        2440
   1.4695695006450293E-006        2441
   1.4648040510545357E-006        2442
   1.4600542154186158E-006        2443
   1.4553196223676679E-006        2444
   1.4506005406866862E-006        2445
   1.4458966043351396E-006        2446
   1.4412080775461078E-006        2447
   1.4365345993860856E-006        2448
   1.4318764294252162E-006        2449
   1.4272332123921316E-006        2450
   1.4226052029719938E-006        2451
   1.4179920508894384E-006        2452
   1.4133940066107797E-006        2453
   1.4088107249676796E-006        2454
   1.4042424516524932E-006        2455
   1.3996888471590196E-006        2456
   1.3951501521836107E-006        2457
   1.3906260323270914E-006        2458
   1.3861167244000328E-006        2459
   1.3816218984441520E-006        2460
   1.3771417870511726E-006        2461
   1.3726760652588155E-006        2462
   1.3682249616620012E-006        2463
   1.3637881555172982E-006        2464
   1.3593658714228241E-006        2465
   1.3549577939642177E-006        2466
   1.3505641430766602E-006        2467
   1.3461846081197493E-006        2468
   1.3418194046987963E-006        2469
   1.3374682275024696E-006        2470
   1.3331312879172330E-006        2471
   1.3288082847395799E-006        2472
   1.3244994256922382E-006        2473
   1.3202044140125935E-006        2474
   1.3159234535375930E-006        2475
   1.3116562522785813E-006        2476
   1.3074030100757028E-006        2477
   1.3031634389371050E-006        2478
   1.2989377355943077E-006        2479
   1.2947256160522613E-006        2480
   1.2905272730456829E-006        2481
   1.2863424267983703E-006        2482
   1.2821712669364160E-006        2483
   1.2780135176804208E-006        2484
   1.2738693652147859E-006        2485
   1.2697385375348702E-006        2486
   1.2656212173833836E-006        2487
   1.2615171368635103E-006        2488
   1.2574264753872910E-006        2489
   1.2533489690547128E-006        2490
   1.2492847935030582E-006        2491
   1.2452336892732063E-006        2492
   1.2411958281166591E-006        2493
   1.2371709546821208E-006        2494
   1.2331592378345135E-006        2495
   1.2291604254421884E-006        2496
   1.2251746837055322E-006        2497
   1.2212017633794758E-006        2498
   1.2172418284439601E-006        2499
   1.2132946329845851E-006        2500
   1.2093603376506223E-006        2501
   1.2054387003024303E-006        2502
   1.2015298784806561E-006        2503
   1.1976336338204163E-006        2504
   1.1937501207537338E-006        2505
   1.1898791043574164E-006        2506
   1.1860207361769071E-006        2507
   1.1821747846196828E-006        2508
   1.1783413984556290E-006        2509
   1.1745203493118694E-006        2510
   1.1707117836268210E-006        2511
   1.1669154759141875E-006        2512
   1.1631315697258060E-006        2513
   1.1593598431280938E-006        2514
   1.1556004368973305E-006        2515
   1.1518531322085579E-006        2516
   1.1481180673955649E-006        2517
   1.1443950265199732E-006        2518
   1.1406841451400140E-006        2519
   1.1369852109810452E-006        2520
   1.1332983567147181E-006        2521
   1.1296233730639926E-006        2522
   1.1259603903690518E-006        2523
   1.1223092024614800E-006        2524
   1.1186699367948805E-006        2525
   1.1150423900874173E-006        2526
   1.1114266877942924E-006        2527
   1.1078226295202498E-006        2528
   1.1042303380559559E-006        2529
   1.1006496160037571E-006        2530
   1.0970805839338738E-006        2531
   1.0935230470021651E-006        2532
   1.0899771235584055E-006        2533
   1.0864426217560563E-006        2534
   1.0829196573913791E-006        2535
   1.0794080412823703E-006        2536
   1.0759078874489347E-006        2537
   1.0724190092625818E-006        2538
   1.0689415180786810E-006        2539
   1.0654752301553216E-006        2540
   1.0620202549604940E-006        2541
   1.0585764111947782E-006        2542
   1.0551438065498076E-006        2543
   1.0517222613914967E-006        2544
   1.0483118820792114E-006        2545
   1.0449124913103347E-006        2546
   1.0415241935568531E-006        2547
   1.0381468140696626E-006        2548
   1.0347804544341699E-006        2549
   1.0314249435650069E-006        2550
   1.0280803804940675E-006        2551
   1.0247465962454072E-006        2552
   1.0214236885186523E-006        2553
   1.0181114906693267E-006        2554
   1.0148100978435437E-006        2555
   1.0115193462834071E-006        2556
   1.0082393294696956E-006        2557
   1.0049698857539369E-006        2558
   1.0017111061744188E-006        2559
