   1.0000000000000000                1
  0.45000000000000001                2
  0.20250000000000001                3
  0.12301875000000002                4
   8.3037656250000022E-002           5
   5.8852938867187517E-002           6
   4.2903792434179702E-002           7
   3.2177844325634773E-002           8
   2.4574679394977646E-002           9
   1.4567851580786106E-002          10
   1.1185058096855993E-002          11
   8.8843801892739549E-003          12
   7.1341514991380972E-003          13
   5.7782642969854692E-003          14
   4.7146064861078862E-003          15
   4.0180588742613210E-003          16
   3.4217595093359865E-003          17
   2.9362819048301958E-003          18
   2.5761458248518831E-003          19
   2.2198129222652518E-003          20
   1.8958564945412704E-003          21
   1.6743052334891040E-003          22
   1.4983678717570559E-003          23
   1.3147397254493765E-003          24
   1.1764977677275468E-003          25
   1.0447665361348335E-003          26
   9.1673007216830360E-004          27
   8.1122762751517641E-004          28
   7.1406723228140123E-004          29
   6.3017896301076348E-004          30
   5.8487339217760947E-004          31
   5.5057639170130734E-004          32
   5.1244773276448718E-004          33
   4.7773711058440860E-004          34
   4.4522662457446849E-004          35
   4.0887210052853451E-004          36
   3.7998845635756062E-004          37
   3.5003855808468654E-004          38
   3.2127898380140962E-004          39
   2.9143083834404226E-004          40
   2.7102772261511365E-004          41
   2.5177488011896010E-004          42
   2.3508574740471744E-004          43
   2.1768870628924297E-004          44
   2.0437993301491986E-004          45
   1.9044783358657114E-004          46
   1.7756209778063692E-004          47
   1.6638033190941037E-004          48
   1.5402606070269442E-004          49
   1.4409048166319494E-004          50
   1.3394805064459447E-004          51
   1.2460699466365632E-004          52
   1.1591535432509126E-004          53
   1.0759673871385544E-004          54
   1.0014983816897249E-004          55
   9.3470404139761598E-005          56
   8.8095360270434853E-005          57
   8.2852284746914862E-005          58
   7.7740619970789737E-005          59
   7.2456635272333259E-005          60
   6.7278652801983085E-005          61
   6.2146150822339763E-005          62
   5.8305084754683989E-005          63
   5.4379353693345678E-005          64
   5.0637757822435958E-005          65
   4.7279990518456216E-005          66
   4.4149443719110337E-005          67
   4.1176177792534574E-005          68
   3.8581945783100480E-005          69
   3.6039728146697314E-005          70
   3.3365105137184159E-005          71
   3.1123068150895605E-005          72
   2.9068522586328527E-005          73
   2.7092442243414894E-005          74
   2.5327712223077725E-005          75
   2.3603966344598604E-005          76
   2.2043288909090464E-005          77
   2.0559946192877376E-005          78
   1.9194296638991304E-005          79
   1.7912007715725764E-005          80
   1.6713915816479741E-005          81
   1.5599648547359735E-005          82
   1.4557803756698462E-005          83
   1.3586020854550185E-005          84
   1.2678848264835452E-005          85
   1.1832679876810914E-005          86
   1.1042461373733659E-005          87
   1.0305219916517672E-005          88
   9.6171105130604673E-006          89
   8.9749823406481966E-006          90
   8.3760278504207974E-006          91
   7.8166474768437411E-006          92
   7.2947555411762011E-006          93
   6.8078279817918030E-006          94
   6.3532220844209064E-006          95
   5.9290780947129917E-006          96
   5.5332226838178400E-006          97
   5.1638095110995152E-006          98
   4.8189591517200370E-006          99
   4.4972291957101618E-006         100
   4.1969790152140973E-006         101
   3.9168123018296086E-006         102
   3.6553090532187582E-006         103
   3.4112357067961341E-006         104
   3.1834780582773448E-006         105
   2.9709536630839750E-006         106
   2.7725951650126035E-006         107
   2.5874739388864754E-006         108
   2.4147130974760955E-006         109
   2.2534852019973073E-006         110
   2.1030344585781791E-006         111
   1.9626353051638290E-006         112
   1.8315946386238124E-006         113
   1.7093110329380323E-006         114
   1.5951858371998640E-006         115
   1.4886790986601284E-006         116
   1.3892889547673093E-006         117
   1.2965331377401412E-006         118
   1.2099693531553157E-006         119
   1.1291850592343167E-006         120
   1.0537942909394360E-006         121
