   1.0000000000000000                1
  0.37500000000000000                2
  0.14062500000000000                3
   5.9326171875000000E-002           4
   3.6855052605426764E-002           5
   2.8893492700759804E-002           6
   2.3639873120717692E-002           7
   2.0031484971992697E-002           8
   1.7422752164589106E-002           9
   1.5270700851809593E-002          10
   1.3546056599095246E-002          11
   1.2153119890207620E-002          12
   1.0934383923767665E-002          13
   9.9174489912501329E-003          14
   8.9821548168376175E-003          15
   8.2776592519648862E-003          16
   7.6574911840083804E-003          17
   7.0901017379496611E-003          18
   6.5871203688283586E-003          19
   6.1627094332472598E-003          20
   5.7859049838897558E-003          21
   5.4413537880744212E-003          22
   5.1249389892953356E-003          23
   4.8340824299490937E-003          24
   4.5734711352785062E-003          25
   4.3434476848809300E-003          26
   4.1292572117828108E-003          27
   3.9295572926583144E-003          28
   3.7431218935013444E-003          29
   3.5688507883520071E-003          30
   3.4098715453612094E-003          31
   3.2663746009238270E-003          32
   3.1310114011875445E-003          33
   3.0032071316308251E-003          34
   2.8824323709328858E-003          35
   2.7682001298969805E-003          36
   2.6600621609271791E-003          37
   2.5615080691283598E-003          38
   2.4695050051364298E-003          39
   2.3818459530957625E-003          40
   2.2982754923088766E-003          41
   2.2185553701528082E-003          42
   2.1424633605136023E-003          43
   2.0697921640013828E-003          44
   2.0010293454346684E-003          45
   1.9378430914969158E-003          46
   1.8772087597960230E-003          47
   1.8189997026909488E-003          48
   1.7630964401209592E-003          49
   1.7093862542707505E-003          50
   1.6577627974092568E-003          51
   1.6081257153679474E-003          52
   1.5603802882300233E-003          53
   1.5162667073664871E-003          54
   1.4738486422833930E-003          55
   1.4329061251900921E-003          56
   1.3933769278242636E-003          57
   1.3552017870557265E-003          58
   1.3183242613599155E-003          59
   1.2826905920892973E-003          60
   1.2482495699950302E-003          61
   1.2149524072433415E-003          62
   1.1837450893532608E-003          63
   1.1537217989749937E-003          64
   1.1246185515541018E-003          65
   1.0964015109324876E-003          66
   1.0690382225295725E-003          67
   1.0424975585427987E-003          68
   1.0167496644666318E-003          69
   9.9176590706306911E-004          70
   9.6751882390555544E-004          71
   9.4398207454426952E-004          72
   9.2164907123981621E-004          73
   9.0014694385120997E-004          74
   8.7923080378238261E-004          75
   8.5888160519287382E-004          76
   8.3908099279428328E-004          77
   8.1981127829466871E-004          78
   8.0105541720953966E-004          79
   7.8279698609184933E-004          80
   7.6502016024959651E-004          81
   7.4770969197013315E-004          82
   7.3085088931001962E-004          83
   7.1443381097524572E-004          84
   6.9885005041214754E-004          85
   6.8364763916650695E-004          86
   6.6881562282827822E-004          87
   6.5434340643300004E-004          88
   6.4022074294167730E-004          89
   6.2643772189785452E-004          90
   6.1298475829696386E-004          91
   5.9985258167971622E-004          92
   5.8703222547462630E-004          93
   5.7451501659322446E-004          94
   5.6229256529483074E-004          95
   5.5035675532821848E-004          96
   5.3869973434816920E-004          97
   5.2731390461735472E-004          98
   5.1621706436533188E-004          99
   5.0555096738513772E-004         100
   4.9512085708158793E-004         101
   4.8492084085005605E-004         102
   4.7494519716306804E-004         103
   4.6518837017439640E-004         104
   4.5564496445682501E-004         105
   4.4630973988446510E-004         106
   4.3717760665162864E-004         107
   4.2824362044135977E-004         108
   4.1950297772874734E-004         109
   4.1095101123167499E-004         110
   4.0258318549990513E-004         111
   3.9439509264471706E-004         112
   3.8638244820210499E-004         113
   3.7854108713386569E-004         114
   3.7086695996191299E-004         115
   3.6335612902549386E-004         116
   3.5600476487285260E-004         117
   3.4880914276724795E-004         118
   3.4176563932142301E-004         119
   3.3487072924121009E-004         120
   3.2812098218859553E-004         121
   3.2151305974670308E-004         122
   3.1508132085333873E-004         123
   3.0880719173664861E-004         124
   3.0266124070033040E-004         125
   2.9664069744494981E-004         126
   2.9074285819230550E-004         127
   2.8496508384079355E-004         128
   2.7930479817606102E-004         129
   2.7375948613783674E-004         130
   2.6832669213883165E-004         131
   2.6300401843826204E-004         132
   2.5778912356300143E-004         133
   2.5267972078024670E-004         134
   2.4767357661603651E-004         135
   2.4276850942128725E-004         136
   2.3796238798257097E-004         137
   2.3325313017263927E-004         138
   2.2863870165013012E-004         139
   2.2411711459036088E-004         140
   2.1968642646474912E-004         141
   2.1534473884954330E-004         142
   2.1109019627907344E-004         143
   2.0692098512697932E-004         144
   2.0283533252751784E-004         145
   1.9883150532662430E-004         146
   1.9490780906572525E-004         147
   1.9106258699630452E-004         148
   1.8729421912500044E-004         149
   1.8360112128568140E-004         150
   1.7998174424138647E-004         151
   1.7643457281046881E-004         152
   1.7295812502182706E-004         153
   1.6955095129267406E-004         154
   1.6621165000829663E-004         155
   1.6293890647345322E-004         156
   1.5973126777257818E-004         157
   1.5658740648150093E-004         158
   1.5350602378616518E-004         159
   1.5048584879717719E-004         160
   1.4752563787845396E-004         161
   1.4462417400040728E-004         162
   1.4178026610645045E-004         163
   1.3899274849982213E-004         164
   1.3626048024828474E-004         165
   1.3358234460214558E-004         166
   1.3095724843226186E-004         167
   1.2838412167870406E-004         168
   1.2586191681884795E-004         169
   1.2338960834812340E-004         170
   1.2096619227364158E-004         171
   1.1859068562225517E-004         172
   1.1626212596349550E-004         173
   1.1397957093972622E-004         174
   1.1174209781750211E-004         175
   1.0954880304048231E-004         176
   1.0739880180099526E-004         177
   1.0529122762070742E-004         178
   1.0322523194261635E-004         179
   1.0119998373114836E-004         180
   9.9214669083802498E-005         181
   9.7268490854784950E-005         182
   9.5360668284638628E-005         183
   9.3490436640752961E-005         184
   9.1657046869197956E-005         185
   8.9859765247002343E-005         186
   8.8097873055303921E-005         187
   8.6370666249058203E-005         188
   8.4677455142179170E-005         189
   8.3017564096232732E-005         190
   8.1390331219122203E-005         191
   7.9795108071101239E-005         192
   7.8231259372785189E-005         193
   7.6698162728927599E-005         194
   7.5195208350864462E-005         195
   7.3721798789616599E-005         196
   7.2277348673877029E-005         197
   7.0861284454659668E-005         198
   6.9473044155499153E-005         199
   6.8112077127979731E-005         200
   6.6777843816145932E-005         201
   6.5469815519358932E-005         202
   6.4187474168253544E-005         203
   6.2930312103137709E-005         204
   6.1697831853502194E-005         205
   6.0489545927078225E-005         206
   5.9304976604668269E-005         207
   5.8143655734976818E-005         208
   5.7005124535880469E-005         209
   5.5888933402137297E-005         210
   5.4794641716870984E-005         211
   5.3721817660834503E-005         212
   5.2670038040325551E-005         213
   5.1638888099558855E-005         214
   5.0627961355909079E-005         215
   4.9636859426049895E-005         216
   4.8665191858754397E-005         217
   4.7712575979463878E-005         218
   4.6778636721755973E-005         219
   4.5863006480573176E-005         220
   4.4965324957013664E-005         221
   4.4085239006896870E-005         222
   4.3222402501097434E-005         223
   4.2376476178773714E-005         224
   4.1547127508811954E-005         225
   4.0734030555711342E-005         226
   3.9936865842582492E-005         227
   3.9155320224137924E-005         228
   3.8389086756129842E-005         229
   3.7637864571449242E-005         230
   3.6901358758001379E-005         231
   3.6179280236581235E-005         232
   3.5471345647408725E-005         233
   3.4777277230446657E-005         234
   3.4096802717042962E-005         235
   3.3429655216909993E-005         236
   3.2775573110876977E-005         237
   3.2134299947639278E-005         238
   3.1505584333846315E-005         239
   3.0889179843063275E-005         240
   3.0284844904748809E-005         241
   2.9692342718101727E-005         242
   2.9111441146589812E-005         243
   2.8541912634683086E-005         244
   2.7983534108155794E-005         245
   2.7436086890375577E-005         246
   2.6899356610821101E-005         247
   2.6373133122481462E-005         248
   2.5857210416146970E-005         249
   2.5351386537364462E-005         250
   2.4855463508055564E-005         251
   2.4369247243694048E-005         252
   2.3892547482251558E-005         253
   2.3425177701152933E-005         254
   2.2966955047110105E-005         255
   2.2517700264401697E-005         256
   2.2077237618933765E-005         257
   2.1645394832958686E-005         258
   2.1222003015797242E-005         259
   2.0806896591896162E-005         260
   2.0399913244206758E-005         261
   2.0000893840688150E-005         262
   1.9609682376353632E-005         263
   1.9226125911986358E-005         264
   1.8850074508858228E-005         265
   1.8481381174328959E-005         266
   1.8119901801894045E-005         267
   1.7765495111676799E-005         268
   1.7418022600024230E-005         269
   1.7077348479777044E-005         270
   1.6743339628089160E-005         271
   1.6415865536245633E-005         272
   1.6094798253041276E-005         273
   1.5780012340593785E-005         274
   1.5471384820386902E-005         275
   1.5168795124864687E-005         276
   1.4872125052578511E-005         277
   1.4581258719559287E-005         278
   1.4296082514020370E-005         279
   1.4016485053058858E-005         280
   1.3742357134916006E-005         281
   1.3473591701673726E-005         282
   1.3210083791737048E-005         283
   1.2951730502086534E-005         284
   1.2698430945645711E-005         285
   1.2450086213977585E-005         286
   1.2206599335984336E-005         287
   1.1967875240603831E-005         288
   1.1733820720394306E-005         289
   1.1504344393564736E-005         290
   1.1279356668891793E-005         291
   1.1058769710636795E-005         292
   1.0842497403684703E-005         293
   1.0630455318905163E-005         294
   1.0422560682066262E-005         295
   1.0218732340305792E-005         296
   1.0018890729268648E-005         297
   9.8229578431308084E-006         298
   9.6308572046233110E-006         299
   9.4425138330578307E-006         300
   9.2578542167931488E-006         301
   9.0768062832591312E-006         302
   8.8992993703129741E-006         303
   8.7252642013702086E-006         304
   8.5546328543184558E-006         305
   8.3873387384247877E-006         306
   8.2233165654699292E-006         307
   8.0625023251013062E-006         308
   7.9048332612963179E-006         309
   7.7502478461610735E-006         310
   7.5986857557275300E-006         311
   7.4500878466388087E-006         312
   7.3043961337226904E-006         313
   7.1615537677871544E-006         314
   7.0215050089750264E-006         315
   6.8841952125531236E-006         316
   6.7495708009346345E-006         317
   6.6175792445832826E-006         318
   6.4881690444718032E-006         319
   6.3612897061027240E-006         320
   6.2368917259636447E-006         321
   6.1149265673243747E-006         322
   5.9953466451379001E-006         323
   5.8781053038359232E-006         324
   5.7631568015636958E-006         325
   5.6504562915282719E-006         326
   5.5399598040128950E-006         327
   5.4316242299456974E-006         328
   5.3254073049124884E-006         329
   5.2212675887286508E-006         330
   5.1191644541148662E-006         331
   5.0190580682674124E-006         332
   4.9209093782032198E-006         333
   4.8246800927742584E-006         334
   4.7303326731196194E-006         335
   4.6378303122374120E-006         336
   4.5471369249927562E-006         337
   4.4582171312423924E-006         338
   4.3710362422899607E-006         339
   4.2855602502278600E-006         340
   4.2017558101736796E-006         341
   4.1195902311663701E-006         342
   4.0390314604010769E-006         343
   3.9600480734591770E-006         344
   3.8826092596533357E-006         345
   3.8066848115914098E-006         346
   3.7322451122978606E-006         347
   3.6592611243335682E-006         348
   3.5877043782495122E-006         349
   3.5175469617065858E-006         350
   3.4487615079292766E-006         351
   3.3813211859357040E-006         352
   3.3151996892133440E-006         353
   3.2503712255049777E-006         354
   3.1868105079269071E-006         355
   3.1244927434226355E-006         356
   3.0633936245472171E-006         357
   3.0034893183650269E-006         358
   2.9447564591222886E-006         359
   2.8871721371448444E-006         360
   2.8307138912886387E-006         361
   2.7753597005020225E-006         362
   2.7210879729455684E-006         363
   2.6678775397748211E-006         364
   2.6157076460364692E-006         365
   2.5645579442290511E-006         366
   2.5144084816464130E-006         367
   2.4652396992674852E-006         368
   2.4170324179895175E-006         369
   2.3697678341871864E-006         370
   2.3234275143835248E-006         371
   2.2779933825933796E-006         372
   2.2334477178809209E-006         373
   2.1897731459219472E-006         374
   2.1469526310102793E-006         375
   2.1049694729491364E-006         376
   2.0638072950607267E-006         377
   2.0234500432980695E-006         378
   1.9838819778073002E-006         379
   1.9450876640458858E-006         380
   1.9070519714503575E-006         381
   1.8697600652206603E-006         382
   1.8331973998808593E-006         383
   1.7973497148382478E-006         384
   1.7622030286101875E-006         385
   1.7277436326068596E-006         386
   1.6939580864683279E-006         387
   1.6608332131795578E-006         388
   1.6283560928531671E-006         389
   1.5965140589546678E-006         390
   1.5652946914190835E-006         391
   1.5346858146525477E-006         392
   1.5046754895386982E-006         393
   1.4752520121064094E-006         394
   1.4464039053141420E-006         395
   1.4181199190499427E-006         396
   1.3903890208055714E-006         397
   1.3632003952324112E-006         398
   1.3365434383683095E-006         399
   1.3104077525305513E-006         400
   1.2847831454276815E-006         401
   1.2596596223879430E-006         402
   1.2350273836947423E-006         403
   1.2108768234764256E-006         404
   1.1871985221567627E-006         405
   1.1639832446785903E-006         406
   1.1412219362849640E-006         407
   1.1189057198546237E-006         408
   1.0970258921272347E-006         409
   1.0755739183743174E-006         410
   1.0545414330653813E-006         411
   1.0339202323184082E-006         412
   1.0137022741218971E-006         413
