     0     0.3000000E+02
     1     0.4312820E+02
     2     0.2872944E+02
     3     0.2361513E+02
     4     0.1924579E+02
     5     0.1561152E+02
     6     0.1304688E+02
     7     0.1165236E+02
     8     0.1023894E+02
     9     0.9153077E+01
    10     0.8067229E+01
    11     0.7215359E+01
    12     0.6372780E+01
    13     0.5701210E+01
    14     0.5042992E+01
    15     0.4511802E+01
    16     0.3995170E+01
    17     0.3574029E+01
    18     0.3167129E+01
    19     0.2832669E+01
    20     0.2511367E+01
    21     0.2245411E+01
    22     0.1991201E+01
    23     0.1779519E+01
    24     0.1578091E+01
    25     0.1409489E+01
    26     0.1249700E+01
    27     0.1115346E+01
    28     0.9884817E+00
    29     0.8813835E+00
    30     0.7806013E+00
    31     0.6952167E+00
    32     0.6151264E+00
    33     0.5470528E+00
    34     0.4833984E+00
    35     0.4291347E+00
    36     0.3785490E+00
    37     0.3353072E+00
    38     0.3009976E+00
    39     0.2694173E+00
    40     0.2448429E+00
    41     0.2198221E+00
    42     0.2002811E+00
    43     0.1804234E+00
    44     0.1648646E+00
    45     0.1490719E+00
    46     0.1366635E+00
    47     0.1240724E+00
    48     0.1141566E+00
    49     0.1040881E+00
    50     0.9614495E-01
    51     0.8806522E-01
    52     0.8168372E-01
    53     0.7517276E-01
    54     0.7002836E-01
    55     0.6475591E-01
    56     0.6059227E-01
    57     0.5629857E-01
    58     0.5291327E-01
    59     0.4939401E-01
    60     0.4662725E-01
    61     0.4372169E-01
    62     0.4144730E-01
    63     0.3904908E-01
    64     0.3714735E-01
    65     0.3516839E-01
    66     0.3354924E-01
    67     0.3190506E-01
    68     0.3051249E-01
    69     0.2913645E-01
    70     0.2792631E-01
    71     0.2676583E-01
    72     0.2570325E-01
    73     0.2471679E-01
    74     0.2377427E-01
    75     0.2292896E-01
    76     0.2208474E-01
    77     0.2135456E-01
    78     0.2061896E-01
    79     0.1995573E-01
    80     0.1931610E-01
    81     0.1870243E-01
    82     0.1814209E-01
    83     0.1758847E-01
    84     0.1707640E-01
    85     0.1658795E-01
    86     0.1614980E-01
    87     0.1590057E-01
    88     0.1565549E-01
    89     0.1541888E-01
    90     0.1519677E-01
    91     0.1497416E-01
    92     0.1475944E-01
    93     0.1454958E-01
    94     0.1434142E-01
    95     0.1414306E-01
    96     0.1395156E-01
    97     0.1376519E-01
    98     0.1358086E-01
    99     0.1340066E-01
   100     0.1322616E-01
   101     0.1305421E-01
   102     0.1288767E-01
   103     0.1272535E-01
   104     0.1256772E-01
   105     0.1241398E-01
   106     0.1226174E-01
   107     0.1211181E-01
   108     0.1196746E-01
   109     0.1182551E-01
   110     0.1168894E-01
   111     0.1155382E-01
   112     0.1142124E-01
   113     0.1129266E-01
   114     0.1116541E-01
   115     0.1103949E-01
   116     0.1091748E-01
   117     0.1079956E-01
   118     0.1068462E-01
   119     0.1057077E-01
   120     0.1045804E-01
   121     0.1034899E-01
   122     0.1025051E-01
   123     0.1016424E-01
   124     0.1007973E-01
   125     0.9995957E-02
   126     0.9912930E-02
   127     0.9830651E-02
   128     0.9750724E-02
   129     0.9672597E-02
   130     0.9596043E-02
   131     0.9520127E-02
   132     0.9444852E-02
   133     0.9370220E-02
   134     0.9297354E-02
   135     0.9226236E-02
   136     0.9156607E-02
   137     0.9087560E-02
   138     0.9019066E-02
   139     0.8951128E-02
   140     0.8884198E-02
   141     0.8819357E-02
   142     0.8755579E-02
   143     0.8692571E-02
   144     0.8630041E-02
   145     0.8567993E-02
   146     0.8506428E-02
   147     0.8446790E-02
   148     0.8388088E-02
   149     0.8330413E-02
   150     0.8273155E-02
   151     0.8216315E-02
   152     0.8159894E-02
   153     0.8104315E-02
   154     0.8050294E-02
   155     0.7997097E-02
   156     0.7944518E-02
   157     0.7892304E-02
   158     0.7840456E-02
   159     0.7788975E-02
   160     0.7738669E-02
   161     0.7689299E-02
   162     0.7640839E-02
   163     0.7592751E-02
   164     0.7544983E-02
   165     0.7497535E-02
   166     0.7450410E-02
   167     0.7404539E-02
   168     0.7359313E-02
   169     0.7314920E-02
   170     0.7270807E-02
   171     0.7226976E-02
   172     0.7183427E-02
   173     0.7140161E-02
   174     0.7098045E-02
   175     0.7056473E-02
   176     0.7015649E-02
   177     0.6975073E-02
   178     0.6934745E-02
   179     0.6894666E-02
   180     0.6854837E-02
   181     0.6815925E-02
   182     0.6777583E-02
   183     0.6739923E-02
   184     0.6702508E-02
   185     0.6665314E-02
   186     0.6628342E-02
   187     0.6591591E-02
   188     0.6555432E-02
   189     0.6520019E-02
   190     0.6485138E-02
   191     0.6450567E-02
   192     0.6416193E-02
   193     0.6382016E-02
   194     0.6348038E-02
   195     0.6314333E-02
   196     0.6281494E-02
   197     0.6249114E-02
   198     0.6217116E-02
   199     0.6185295E-02
   200     0.6153651E-02
   201     0.6122184E-02
   202     0.6090897E-02
   203     0.6060162E-02
   204     0.6030030E-02
   205     0.6000374E-02
   206     0.5970876E-02
   207     0.5941538E-02
   208     0.5912361E-02
   209     0.5883345E-02
   210     0.5854799E-02
   211     0.5826466E-02
   212     0.5798836E-02
   213     0.5771463E-02
   214     0.5744235E-02
   215     0.5717152E-02
   216     0.5690215E-02
   217     0.5663722E-02
   218     0.5637419E-02
   219     0.5611258E-02
   220     0.5585787E-02
   221     0.5560493E-02
   222     0.5535331E-02
   223     0.5510318E-02
   224     0.5485751E-02
   225     0.5461310E-02
   226     0.5436998E-02
   227     0.5412813E-02
   228     0.5389212E-02
   229     0.5365814E-02
   230     0.5342673E-02
   231     0.5319829E-02
   232     0.5297098E-02
   233     0.5274482E-02
   234     0.5251981E-02
   235     0.5229800E-02
   236     0.5207832E-02
   237     0.5186257E-02
   238     0.5164993E-02
   239     0.5143832E-02
   240     0.5122773E-02
   241     0.5101943E-02
   242     0.5081382E-02
   243     0.5060919E-02
   244     0.5040555E-02
   245     0.5020355E-02
   246     0.5000632E-02
   247     0.4981102E-02
   248     0.4961842E-02
   249     0.4942669E-02
   250     0.4923584E-02
   251     0.4904618E-02
   252     0.4885978E-02
   253     0.4867422E-02
   254     0.4848950E-02
   255     0.4830759E-02
   256     0.4812856E-02
   257     0.4795117E-02
   258     0.4777625E-02
   259     0.4760208E-02
   260     0.4742864E-02
   261     0.4725683E-02
   262     0.4708733E-02
   263     0.4691853E-02
   264     0.4675042E-02
   265     0.4658544E-02
   266     0.4642241E-02
   267     0.4626186E-02
   268     0.4610244E-02
   269     0.4594363E-02
   270     0.4578545E-02
   271     0.4563010E-02
   272     0.4547533E-02
   273     0.4532114E-02
   274     0.4516819E-02
   275     0.4501728E-02
   276     0.4486888E-02
   277     0.4472242E-02
   278     0.4457647E-02
   279     0.4443101E-02
   280     0.4428779E-02
   281     0.4414532E-02
   282     0.4400331E-02
   283     0.4386223E-02
   284     0.4372305E-02
   285     0.4358431E-02
   286     0.4344768E-02
   287     0.4331294E-02
   288     0.4317861E-02
   289     0.4304597E-02
   290     0.4291420E-02
   291     0.4278280E-02
   292     0.4265187E-02
   293     0.4252288E-02
   294     0.4239425E-02
   295     0.4226597E-02
   296     0.4213933E-02
   297     0.4201466E-02
   298     0.4189080E-02
   299     0.4176831E-02
   300     0.4164611E-02
   301     0.4152421E-02
   302     0.4140325E-02
   303     0.4128337E-02
   304     0.4116376E-02
   305     0.4104444E-02
   306     0.4092632E-02
   307     0.4081029E-02
   308     0.4069484E-02
   309     0.4058060E-02
   310     0.4046660E-02
   311     0.4035284E-02
   312     0.4023931E-02
   313     0.4012716E-02
   314     0.4001529E-02
   315     0.3990364E-02
   316     0.3979286E-02
   317     0.3968421E-02
   318     0.3957577E-02
   319     0.3946753E-02
   320     0.3936052E-02
   321     0.3925374E-02
   322     0.3914714E-02
   323     0.3904074E-02
   324     0.3893454E-02
   325     0.3882934E-02
   326     0.3872557E-02
   327     0.3862263E-02
   328     0.3852050E-02
   329     0.3841853E-02
   330     0.3831672E-02
   331     0.3821509E-02
   332     0.3811362E-02
   333     0.3801272E-02
   334     0.3791243E-02
   335     0.3781276E-02
   336     0.3771487E-02
   337     0.3761729E-02
   338     0.3751985E-02
   339     0.3742256E-02
   340     0.3732541E-02
   341     0.3722842E-02
   342     0.3713158E-02
   343     0.3703556E-02
   344     0.3694055E-02
   345     0.3684633E-02
   346     0.3675289E-02
   347     0.3665958E-02
   348     0.3656639E-02
   349     0.3647335E-02
   350     0.3638044E-02
   351     0.3628766E-02
   352     0.3619503E-02
   353     0.3610445E-02
   354     0.3601408E-02
   355     0.3592383E-02
   356     0.3583372E-02
   357     0.3574412E-02
   358     0.3565484E-02
   359     0.3556568E-02
   360     0.3547664E-02
   361     0.3538774E-02
   362     0.3530063E-02
   363     0.3521385E-02
   364     0.3512719E-02
   365     0.3504064E-02
   366     0.3495422E-02
   367     0.3486792E-02
   368     0.3478173E-02
   369     0.3469568E-02
   370     0.3461105E-02
   371     0.3452702E-02
   372     0.3444310E-02
   373     0.3435929E-02
   374     0.3427580E-02
   375     0.3419268E-02
   376     0.3410968E-02
   377     0.3402678E-02
   378     0.3394401E-02
   379     0.3386247E-02
   380     0.3378161E-02
   381     0.3370085E-02
   382     0.3362019E-02
   383     0.3353965E-02
   384     0.3345921E-02
   385     0.3337889E-02
   386     0.3329868E-02
   387     0.3321941E-02
   388     0.3314102E-02
   389     0.3306273E-02
   390     0.3298455E-02
   391     0.3290647E-02
   392     0.3282850E-02
   393     0.3275064E-02
   394     0.3267289E-02
   395     0.3259581E-02
   396     0.3251980E-02
   397     0.3244388E-02
   398     0.3236807E-02
   399     0.3229239E-02
   400     0.3221713E-02
   401     0.3214197E-02
   402     0.3206691E-02
   403     0.3199196E-02
   404     0.3191761E-02
   405     0.3184430E-02
   406     0.3177109E-02
   407     0.3169798E-02
   408     0.3162497E-02
   409     0.3155206E-02
   410     0.3147925E-02
   411     0.3140654E-02
   412     0.3133424E-02
   413     0.3126310E-02
   414     0.3119206E-02
   415     0.3112111E-02
   416     0.3105026E-02
   417     0.3097951E-02
   418     0.3090885E-02
   419     0.3083830E-02
   420     0.3076801E-02
   421     0.3069896E-02
   422     0.3063000E-02
   423     0.3056113E-02
   424     0.3049236E-02
   425     0.3042368E-02
   426     0.3035511E-02
   427     0.3028663E-02
   428     0.3021830E-02
   429     0.3015126E-02
   430     0.3008430E-02
   431     0.3001744E-02
   432     0.2995067E-02
   433     0.2988399E-02
   434     0.2981741E-02
   435     0.2975092E-02
   436     0.2968453E-02
   437     0.2961941E-02
   438     0.2955439E-02
   439     0.2948945E-02
   440     0.2942460E-02
   441     0.2935999E-02
   442     0.2929556E-02
   443     0.2923122E-02
   444     0.2916697E-02
   445     0.2910295E-02
   446     0.2904000E-02
   447     0.2897715E-02
   448     0.2891437E-02
   449     0.2885169E-02
   450     0.2878909E-02
   451     0.2872657E-02
   452     0.2866415E-02
   453     0.2860197E-02
   454     0.2854080E-02
   455     0.2847971E-02
   456     0.2841871E-02
   457     0.2835779E-02
   458     0.2829695E-02
   459     0.2823620E-02
   460     0.2817554E-02
   461     0.2811517E-02
   462     0.2805571E-02
   463     0.2799632E-02
   464     0.2793702E-02
   465     0.2787780E-02
   466     0.2781866E-02
   467     0.2775960E-02
   468     0.2770063E-02
   469     0.2764204E-02
   470     0.2758422E-02
   471     0.2752647E-02
   472     0.2746881E-02
   473     0.2741122E-02
   474     0.2735371E-02
   475     0.2729629E-02
   476     0.2723894E-02
   477     0.2718210E-02
   478     0.2712585E-02
   479     0.2706969E-02
   480     0.2701359E-02
   481     0.2695758E-02
   482     0.2690164E-02
   483     0.2684578E-02
   484     0.2679001E-02
   485     0.2673487E-02
   486     0.2668015E-02
   487     0.2662549E-02
   488     0.2657092E-02
   489     0.2651641E-02
   490     0.2646199E-02
   491     0.2640764E-02
   492     0.2635336E-02
   493     0.2629991E-02
   494     0.2624664E-02
   495     0.2619345E-02
   496     0.2614032E-02
   497     0.2608728E-02
   498     0.2603430E-02
   499     0.2598140E-02
   500     0.2592869E-02
   501     0.2587675E-02
   502     0.2582489E-02
   503     0.2577310E-02
   504     0.2572138E-02
   505     0.2566973E-02
   506     0.2561815E-02
   507     0.2556664E-02
   508     0.2551556E-02
   509     0.2546498E-02
   510     0.2541447E-02
   511     0.2536403E-02
   512     0.2531365E-02
   513     0.2526334E-02
   514     0.2521317E-02
   515     0.2516314E-02
   516     0.2511345E-02
   517     0.2506417E-02
   518     0.2501496E-02
   519     0.2496592E-02
   520     0.2491698E-02
   521     0.2486809E-02
   522     0.2481928E-02
   523     0.2477052E-02
   524     0.2472211E-02
   525     0.2467422E-02
   526     0.2462638E-02
   527     0.2457860E-02
   528     0.2453089E-02
   529     0.2448324E-02
   530     0.2443565E-02
   531     0.2438813E-02
   532     0.2434125E-02
   533     0.2429454E-02
   534     0.2424789E-02
   535     0.2420131E-02
   536     0.2415478E-02
   537     0.2410831E-02
   538     0.2406191E-02
   539     0.2401578E-02
   540     0.2397016E-02
   541     0.2392460E-02
   542     0.2387910E-02
   543     0.2383365E-02
   544     0.2378826E-02
   545     0.2374293E-02
   546     0.2369766E-02
   547     0.2365300E-02
   548     0.2360848E-02
   549     0.2356402E-02
   550     0.2351961E-02
   551     0.2347526E-02
   552     0.2343096E-02
   553     0.2338672E-02
   554     0.2334281E-02
   555     0.2329930E-02
   556     0.2325584E-02
   557     0.2321243E-02
   558     0.2316907E-02
   559     0.2312577E-02
   560     0.2308253E-02
   561     0.2303937E-02
   562     0.2299682E-02
   563     0.2295432E-02
   564     0.2291187E-02
   565     0.2286948E-02
   566     0.2282713E-02
   567     0.2278484E-02
   568     0.2274260E-02
   569     0.2270081E-02
   570     0.2265924E-02
   571     0.2261771E-02
   572     0.2257624E-02
   573     0.2253482E-02
   574     0.2249344E-02
   575     0.2245212E-02
   576     0.2241105E-02
   577     0.2237037E-02
   578     0.2232973E-02
   579     0.2228914E-02
   580     0.2224860E-02
   581     0.2220811E-02
   582     0.2216767E-02
   583     0.2212731E-02
   584     0.2208749E-02
   585     0.2204771E-02
   586     0.2200797E-02
   587     0.2196828E-02
   588     0.2192864E-02
   589     0.2188904E-02
   590     0.2184949E-02
   591     0.2181039E-02
   592     0.2177143E-02
   593     0.2173251E-02
   594     0.2169364E-02
   595     0.2165481E-02
   596     0.2161603E-02
   597     0.2157729E-02
   598     0.2153886E-02
   599     0.2150069E-02
   600     0.2146256E-02
   601     0.2142447E-02
   602     0.2138642E-02
   603     0.2134842E-02
   604     0.2131046E-02
   605     0.2127269E-02
   606     0.2123528E-02
   607     0.2119791E-02
   608     0.2116057E-02
   609     0.2112328E-02
   610     0.2108603E-02
   611     0.2104882E-02
   612     0.2101170E-02
   613     0.2097501E-02
   614     0.2093836E-02
   615     0.2090176E-02
   616     0.2086519E-02
   617     0.2082866E-02
   618     0.2079217E-02
   619     0.2075572E-02
   620     0.2071968E-02
   621     0.2068373E-02
   622     0.2064782E-02
   623     0.2061195E-02
   624     0.2057612E-02
   625     0.2054032E-02
   626     0.2050457E-02
   627     0.2046911E-02
   628     0.2043384E-02
   629     0.2039860E-02
   630     0.2036339E-02
   631     0.2032823E-02
   632     0.2029310E-02
   633     0.2025801E-02
   634     0.2022311E-02
   635     0.2018848E-02
   636     0.2015389E-02
   637     0.2011933E-02
   638     0.2008480E-02
   639     0.2005031E-02
   640     0.2001586E-02
   641     0.1998151E-02
   642     0.1994750E-02
   643     0.1991352E-02
   644     0.1987958E-02
   645     0.1984567E-02
   646     0.1981180E-02
   647     0.1977796E-02
   648     0.1974416E-02
   649     0.1971072E-02
   650     0.1967734E-02
   651     0.1964399E-02
   652     0.1961068E-02
   653     0.1957740E-02
   654     0.1954415E-02
   655     0.1951094E-02
   656     0.1947797E-02
   657     0.1944516E-02
   658     0.1941238E-02
   659     0.1937964E-02
   660     0.1934693E-02
   661     0.1931425E-02
   662     0.1928161E-02
   663     0.1924909E-02
   664     0.1921684E-02
   665     0.1918461E-02
   666     0.1915242E-02
   667     0.1912025E-02
   668     0.1908812E-02
   669     0.1905603E-02
   670     0.1902396E-02
   671     0.1899221E-02
   672     0.1896051E-02
   673     0.1892885E-02
   674     0.1889721E-02
   675     0.1886561E-02
   676     0.1883404E-02
   677     0.1880250E-02
   678     0.1877113E-02
   679     0.1873994E-02
   680     0.1870879E-02
   681     0.1867766E-02
   682     0.1864656E-02
   683     0.1861550E-02
   684     0.1858446E-02
   685     0.1855346E-02
   686     0.1852276E-02
   687     0.1849209E-02
   688     0.1846146E-02
   689     0.1843085E-02
   690     0.1840027E-02
   691     0.1836972E-02
   692     0.1833920E-02
   693     0.1830882E-02
   694     0.1827863E-02
   695     0.1824846E-02
   696     0.1821833E-02
   697     0.1818822E-02
   698     0.1815814E-02
   699     0.1812809E-02
   700     0.1809807E-02
   701     0.1806826E-02
   702     0.1803855E-02
   703     0.1800887E-02
   704     0.1797922E-02
   705     0.1794959E-02
   706     0.1791999E-02
   707     0.1789042E-02
   708     0.1786088E-02
   709     0.1783160E-02
   710     0.1780236E-02
   711     0.1777314E-02
   712     0.1774395E-02
   713     0.1771479E-02
   714     0.1768566E-02
   715     0.1765655E-02
   716     0.1762748E-02
   717     0.1759866E-02
   718     0.1756987E-02
   719     0.1754110E-02
   720     0.1751236E-02
   721     0.1748365E-02
   722     0.1745496E-02
   723     0.1742630E-02
   724     0.1739767E-02
   725     0.1736929E-02
   726     0.1734093E-02
   727     0.1731259E-02
   728     0.1728429E-02
   729     0.1725601E-02
   730     0.1722775E-02
   731     0.1719953E-02
   732     0.1717133E-02
   733     0.1714332E-02
   734     0.1711538E-02
   735     0.1708747E-02
   736     0.1705958E-02
   737     0.1703172E-02
   738     0.1700389E-02
   739     0.1697608E-02
   740     0.1694830E-02
   741     0.1692062E-02
   742     0.1689309E-02
   743     0.1686558E-02
   744     0.1683810E-02
   745     0.1681064E-02
   746     0.1678322E-02
   747     0.1675581E-02
   748     0.1672844E-02
   749     0.1670109E-02
   750     0.1667391E-02
   751     0.1664680E-02
   752     0.1661971E-02
   753     0.1659265E-02
   754     0.1656561E-02
   755     0.1653860E-02
   756     0.1651162E-02
   757     0.1648466E-02
   758     0.1645773E-02
   759     0.1643099E-02
   760     0.1640428E-02
   761     0.1637760E-02
   762     0.1635095E-02
   763     0.1632432E-02
   764     0.1629771E-02
   765     0.1627114E-02
   766     0.1624459E-02
   767     0.1621806E-02
   768     0.1619170E-02
   769     0.1616539E-02
   770     0.1613910E-02
   771     0.1611284E-02
   772     0.1608661E-02
   773     0.1606040E-02
   774     0.1603422E-02
   775     0.1600806E-02
   776     0.1598193E-02
   777     0.1595589E-02
   778     0.1592997E-02
   779     0.1590407E-02
   780     0.1587819E-02
   781     0.1585234E-02
   782     0.1582652E-02
   783     0.1580072E-02
   784     0.1577495E-02
   785     0.1574920E-02
   786     0.1572348E-02
   787     0.1569788E-02
   788     0.1567236E-02
   789     0.1564686E-02
   790     0.1562138E-02
   791     0.1559593E-02
   792     0.1557051E-02
   793     0.1554511E-02
   794     0.1551974E-02
   795     0.1549440E-02
   796     0.1546908E-02
   797     0.1544385E-02
   798     0.1541871E-02
   799     0.1539360E-02
   800     0.1536852E-02
   801     0.1534346E-02
   802     0.1531843E-02
   803     0.1529342E-02
   804     0.1526844E-02
   805     0.1524349E-02
   806     0.1521856E-02
   807     0.1519366E-02
   808     0.1516889E-02
   809     0.1514416E-02
   810     0.1511946E-02
   811     0.1509479E-02
   812     0.1507014E-02
   813     0.1504551E-02
   814     0.1502091E-02
   815     0.1499634E-02
   816     0.1497179E-02
   817     0.1494727E-02
   818     0.1492278E-02
   819     0.1489840E-02
   820     0.1487408E-02
   821     0.1484977E-02
   822     0.1482550E-02
   823     0.1480125E-02
   824     0.1477702E-02
   825     0.1475282E-02
   826     0.1472865E-02
   827     0.1470450E-02
   828     0.1468038E-02
   829     0.1465629E-02
   830     0.1463224E-02
   831     0.1460830E-02
   832     0.1458439E-02
   833     0.1456050E-02
   834     0.1453665E-02
   835     0.1451281E-02
   836     0.1448901E-02
   837     0.1446523E-02
   838     0.1444147E-02
   839     0.1441774E-02
   840     0.1439404E-02
   841     0.1437037E-02
   842     0.1434672E-02
   843     0.1432318E-02
   844     0.1429968E-02
   845     0.1427620E-02
   846     0.1425276E-02
   847     0.1422934E-02
   848     0.1420594E-02
   849     0.1418257E-02
   850     0.1415923E-02
   851     0.1413591E-02
   852     0.1411262E-02
   853     0.1408936E-02
   854     0.1406612E-02
   855     0.1404291E-02
   856     0.1401980E-02
   857     0.1399673E-02
   858     0.1397368E-02
   859     0.1395067E-02
   860     0.1392768E-02
   861     0.1390471E-02
   862     0.1388178E-02
   863     0.1385887E-02
   864     0.1383598E-02
   865     0.1381312E-02
   866     0.1379029E-02
   867     0.1376749E-02
   868     0.1374471E-02
   869     0.1372196E-02
   870     0.1369930E-02
   871     0.1367668E-02
   872     0.1365409E-02
   873     0.1363152E-02
   874     0.1360898E-02
   875     0.1358647E-02
   876     0.1356399E-02
   877     0.1354153E-02
   878     0.1351910E-02
   879     0.1349669E-02
   880     0.1347431E-02
   881     0.1345196E-02
   882     0.1342963E-02
   883     0.1340734E-02
   884     0.1338506E-02
   885     0.1336288E-02
   886     0.1334073E-02
   887     0.1331861E-02
   888     0.1329652E-02
   889     0.1327446E-02
   890     0.1325242E-02
   891     0.1323040E-02
   892     0.1320842E-02
   893     0.1318646E-02
   894     0.1316453E-02
   895     0.1314262E-02
   896     0.1312074E-02
   897     0.1309889E-02
   898     0.1307707E-02
   899     0.1305527E-02
   900     0.1303350E-02
   901     0.1301180E-02
   902     0.1299015E-02
   903     0.1296852E-02
   904     0.1294692E-02
   905     0.1292535E-02
   906     0.1290380E-02
   907     0.1288229E-02
   908     0.1286079E-02
   909     0.1283933E-02
   910     0.1281789E-02
   911     0.1279648E-02
   912     0.1277510E-02
   913     0.1275374E-02
   914     0.1273241E-02
   915     0.1271110E-02
   916     0.1268983E-02
   917     0.1266858E-02
   918     0.1264737E-02
   919     0.1262623E-02
   920     0.1260512E-02
   921     0.1258404E-02
   922     0.1256298E-02
   923     0.1254195E-02
   924     0.1252095E-02
   925     0.1249997E-02
   926     0.1247902E-02
   927     0.1245810E-02
   928     0.1243720E-02
   929     0.1241634E-02
   930     0.1239549E-02
   931     0.1237468E-02
   932     0.1235389E-02
   933     0.1233313E-02
   934     0.1231239E-02
   935     0.1229169E-02
   936     0.1227101E-02
   937     0.1225036E-02
   938     0.1222979E-02
   939     0.1220924E-02
   940     0.1218872E-02
   941     0.1216823E-02
   942     0.1214776E-02
   943     0.1212732E-02
   944     0.1210691E-02
   945     0.1208652E-02
   946     0.1206616E-02
   947     0.1204583E-02
   948     0.1202553E-02
   949     0.1200525E-02
   950     0.1198499E-02
   951     0.1196477E-02
   952     0.1194457E-02
   953     0.1192440E-02
   954     0.1190426E-02
   955     0.1188414E-02
   956     0.1186405E-02
   957     0.1184398E-02
   958     0.1182396E-02
   959     0.1180400E-02
   960     0.1178406E-02
   961     0.1176415E-02
   962     0.1174427E-02
   963     0.1172441E-02
   964     0.1170458E-02
   965     0.1168478E-02
   966     0.1166500E-02
   967     0.1164525E-02
   968     0.1162553E-02
   969     0.1160584E-02
   970     0.1158617E-02
   971     0.1156652E-02
   972     0.1154691E-02
   973     0.1152732E-02
   974     0.1150776E-02
   975     0.1148822E-02
   976     0.1146872E-02
   977     0.1144923E-02
   978     0.1142978E-02
   979     0.1141035E-02
   980     0.1139095E-02
   981     0.1137158E-02
   982     0.1135228E-02
   983     0.1133300E-02
   984     0.1131374E-02
   985     0.1129452E-02
   986     0.1127532E-02
   987     0.1125614E-02
   988     0.1123700E-02
   989     0.1121787E-02
   990     0.1119878E-02
   991     0.1117971E-02
   992     0.1116067E-02
   993     0.1114166E-02
   994     0.1112267E-02
   995     0.1110371E-02
   996     0.1108478E-02
   997     0.1106587E-02
   998     0.1104699E-02
   999     0.1102813E-02
  1000     0.1100931E-02
  1001     0.1099051E-02
  1002     0.1097173E-02
  1003     0.1095298E-02
  1004     0.1093426E-02
  1005     0.1091557E-02
  1006     0.1089690E-02
  1007     0.1087827E-02
  1008     0.1085969E-02
  1009     0.1084114E-02
  1010     0.1082261E-02
  1011     0.1080411E-02
  1012     0.1078563E-02
  1013     0.1076718E-02
  1014     0.1074876E-02
  1015     0.1073037E-02
  1016     0.1071200E-02
  1017     0.1069365E-02
  1018     0.1067534E-02
  1019     0.1065705E-02
  1020     0.1063878E-02
  1021     0.1062055E-02
  1022     0.1060234E-02
  1023     0.1058415E-02
  1024     0.1056599E-02
  1025     0.1054786E-02
  1026     0.1052975E-02
  1027     0.1051167E-02
  1028     0.1049362E-02
  1029     0.1047559E-02
  1030     0.1045759E-02
  1031     0.1043962E-02
  1032     0.1042167E-02
  1033     0.1040375E-02
  1034     0.1038585E-02
  1035     0.1036798E-02
  1036     0.1035015E-02
  1037     0.1033236E-02
  1038     0.1031460E-02
  1039     0.1029686E-02
  1040     0.1027915E-02
  1041     0.1026147E-02
  1042     0.1024381E-02
  1043     0.1022618E-02
  1044     0.1020857E-02
  1045     0.1019099E-02
  1046     0.1017344E-02
  1047     0.1015591E-02
  1048     0.1013840E-02
  1049     0.1012093E-02
  1050     0.1010348E-02
  1051     0.1008605E-02
  1052     0.1006865E-02
  1053     0.1005128E-02
  1054     0.1003393E-02
  1055     0.1001661E-02
  1056     0.9999316E-03
  1057     0.9982046E-03
  1058     0.9964802E-03
  1059     0.9947584E-03
  1060     0.9930391E-03
  1061     0.9913224E-03
  1062     0.9896083E-03
  1063     0.9878968E-03
  1064     0.9861878E-03
  1065     0.9844814E-03
  1066     0.9827776E-03
  1067     0.9810763E-03
  1068     0.9793776E-03
  1069     0.9776825E-03
  1070     0.9759914E-03
  1071     0.9743028E-03
  1072     0.9726168E-03
  1073     0.9709333E-03
  1074     0.9692524E-03
  1075     0.9675740E-03
  1076     0.9658982E-03
  1077     0.9642248E-03
  1078     0.9625541E-03
  1079     0.9608858E-03
  1080     0.9592201E-03
  1081     0.9575569E-03
  1082     0.9558962E-03
  1083     0.9542381E-03
  1084     0.9525825E-03
  1085     0.9509294E-03
  1086     0.9492788E-03
  1087     0.9476308E-03
  1088     0.9459852E-03
  1089     0.9443422E-03
  1090     0.9427017E-03
  1091     0.9410637E-03
  1092     0.9394282E-03
  1093     0.9377953E-03
  1094     0.9361648E-03
  1095     0.9345368E-03
  1096     0.9329114E-03
  1097     0.9312884E-03
  1098     0.9296680E-03
  1099     0.9280500E-03
  1100     0.9264345E-03
  1101     0.9248216E-03
  1102     0.9232111E-03
  1103     0.9216031E-03
  1104     0.9199976E-03
  1105     0.9183946E-03
  1106     0.9167941E-03
  1107     0.9151975E-03
  1108     0.9136040E-03
  1109     0.9120129E-03
  1110     0.9104244E-03
  1111     0.9088382E-03
  1112     0.9072546E-03
  1113     0.9056734E-03
  1114     0.9040946E-03
  1115     0.9025183E-03
  1116     0.9009445E-03
  1117     0.8993731E-03
  1118     0.8978042E-03
  1119     0.8962377E-03
  1120     0.8946737E-03
  1121     0.8931121E-03
  1122     0.8915529E-03
  1123     0.8899962E-03
  1124     0.8884419E-03
  1125     0.8868900E-03
  1126     0.8853406E-03
  1127     0.8837936E-03
  1128     0.8822491E-03
  1129     0.8807069E-03
  1130     0.8791672E-03
  1131     0.8776299E-03
  1132     0.8760951E-03
  1133     0.8745626E-03
  1134     0.8730326E-03
  1135     0.8715050E-03
  1136     0.8699798E-03
  1137     0.8684570E-03
  1138     0.8669366E-03
  1139     0.8654186E-03
  1140     0.8639030E-03
  1141     0.8623898E-03
  1142     0.8608790E-03
  1143     0.8593706E-03
  1144     0.8578646E-03
  1145     0.8563610E-03
  1146     0.8548598E-03
  1147     0.8533610E-03
  1148     0.8518645E-03
  1149     0.8503705E-03
  1150     0.8488789E-03
  1151     0.8473912E-03
  1152     0.8459059E-03
  1153     0.8444230E-03
  1154     0.8429424E-03
  1155     0.8414642E-03
  1156     0.8399884E-03
  1157     0.8385149E-03
  1158     0.8370437E-03
  1159     0.8355749E-03
  1160     0.8341085E-03
  1161     0.8326444E-03
  1162     0.8311826E-03
  1163     0.8297232E-03
  1164     0.8282661E-03
  1165     0.8268113E-03
  1166     0.8253589E-03
  1167     0.8239088E-03
  1168     0.8224611E-03
  1169     0.8210156E-03
  1170     0.8195725E-03
  1171     0.8181317E-03
  1172     0.8166933E-03
  1173     0.8152571E-03
  1174     0.8138233E-03
  1175     0.8123917E-03
  1176     0.8109625E-03
  1177     0.8095356E-03
  1178     0.8081110E-03
  1179     0.8066886E-03
  1180     0.8052686E-03
  1181     0.8038509E-03
  1182     0.8024355E-03
  1183     0.8010223E-03
  1184     0.7996115E-03
  1185     0.7982029E-03
  1186     0.7967967E-03
  1187     0.7953927E-03
  1188     0.7939909E-03
  1189     0.7925915E-03
  1190     0.7911943E-03
  1191     0.7897994E-03
  1192     0.7884068E-03
  1193     0.7870164E-03
  1194     0.7856283E-03
  1195     0.7842425E-03
  1196     0.7828589E-03
  1197     0.7814776E-03
  1198     0.7800985E-03
  1199     0.7787217E-03
  1200     0.7773472E-03
  1201     0.7759748E-03
  1202     0.7746059E-03
  1203     0.7732394E-03
  1204     0.7718751E-03
  1205     0.7705130E-03
  1206     0.7691531E-03
  1207     0.7677955E-03
  1208     0.7664401E-03
  1209     0.7650869E-03
  1210     0.7637359E-03
  1211     0.7623871E-03
  1212     0.7610405E-03
  1213     0.7596962E-03
  1214     0.7583540E-03
  1215     0.7570141E-03
  1216     0.7556763E-03
  1217     0.7543408E-03
  1218     0.7530074E-03
  1219     0.7516763E-03
  1220     0.7503473E-03
  1221     0.7490205E-03
  1222     0.7476959E-03
  1223     0.7463735E-03
  1224     0.7450532E-03
  1225     0.7437351E-03
  1226     0.7424192E-03
  1227     0.7411055E-03
  1228     0.7397940E-03
  1229     0.7384846E-03
  1230     0.7371773E-03
  1231     0.7358723E-03
  1232     0.7345694E-03
  1233     0.7332686E-03
  1234     0.7319700E-03
  1235     0.7306735E-03
  1236     0.7293792E-03
  1237     0.7280871E-03
  1238     0.7267970E-03
  1239     0.7255092E-03
  1240     0.7242234E-03
  1241     0.7229398E-03
  1242     0.7216583E-03
  1243     0.7203790E-03
  1244     0.7191017E-03
  1245     0.7178266E-03
  1246     0.7165536E-03
  1247     0.7152828E-03
  1248     0.7140140E-03
  1249     0.7127474E-03
  1250     0.7114829E-03
  1251     0.7102204E-03
  1252     0.7089601E-03
  1253     0.7077019E-03
  1254     0.7064458E-03
  1255     0.7051918E-03
  1256     0.7039398E-03
  1257     0.7026900E-03
  1258     0.7014423E-03
  1259     0.7001966E-03
  1260     0.6989539E-03
  1261     0.6977134E-03
  1262     0.6964750E-03
  1263     0.6952387E-03
  1264     0.6940045E-03
  1265     0.6927723E-03
  1266     0.6915422E-03
  1267     0.6903141E-03
  1268     0.6890881E-03
  1269     0.6878641E-03
  1270     0.6866422E-03
  1271     0.6854224E-03
  1272     0.6842046E-03
  1273     0.6829888E-03
  1274     0.6817750E-03
  1275     0.6805634E-03
  1276     0.6793537E-03
  1277     0.6781461E-03
  1278     0.6769405E-03
  1279     0.6757369E-03
  1280     0.6745353E-03
  1281     0.6733358E-03
  1282     0.6721383E-03
  1283     0.6709428E-03
  1284     0.6697493E-03
  1285     0.6685578E-03
  1286     0.6673683E-03
  1287     0.6661809E-03
  1288     0.6649954E-03
  1289     0.6638119E-03
  1290     0.6626305E-03
  1291     0.6614510E-03
  1292     0.6602735E-03
  1293     0.6590980E-03
  1294     0.6579245E-03
  1295     0.6567530E-03
  1296     0.6555834E-03
  1297     0.6544158E-03
  1298     0.6532502E-03
  1299     0.6520866E-03
  1300     0.6509250E-03
  1301     0.6497653E-03
  1302     0.6486075E-03
  1303     0.6474518E-03
  1304     0.6462980E-03
  1305     0.6451461E-03
  1306     0.6439962E-03
  1307     0.6428483E-03
  1308     0.6417023E-03
  1309     0.6405582E-03
  1310     0.6394161E-03
  1311     0.6382759E-03
  1312     0.6371377E-03
  1313     0.6360014E-03
  1314     0.6348670E-03
  1315     0.6337345E-03
  1316     0.6326040E-03
  1317     0.6314754E-03
  1318     0.6303487E-03
  1319     0.6292240E-03
  1320     0.6281018E-03
  1321     0.6269816E-03
  1322     0.6258633E-03
  1323     0.6247470E-03
  1324     0.6236325E-03
  1325     0.6225200E-03
  1326     0.6214093E-03
  1327     0.6203005E-03
  1328     0.6191936E-03
  1329     0.6180886E-03
  1330     0.6169855E-03
  1331     0.6158843E-03
  1332     0.6147849E-03
  1333     0.6136874E-03
  1334     0.6125918E-03
  1335     0.6114981E-03
  1336     0.6104062E-03
  1337     0.6093162E-03
  1338     0.6082280E-03
  1339     0.6071417E-03
  1340     0.6060573E-03
  1341     0.6049747E-03
  1342     0.6038940E-03
  1343     0.6028151E-03
  1344     0.6017381E-03
  1345     0.6006629E-03
  1346     0.5995895E-03
  1347     0.5985180E-03
  1348     0.5974484E-03
  1349     0.5963805E-03
  1350     0.5953145E-03
  1351     0.5942503E-03
  1352     0.5931880E-03
  1353     0.5921274E-03
  1354     0.5910687E-03
  1355     0.5900118E-03
  1356     0.5889567E-03
  1357     0.5879034E-03
  1358     0.5868520E-03
  1359     0.5858023E-03
  1360     0.5847544E-03
  1361     0.5837084E-03
  1362     0.5826641E-03
  1363     0.5816216E-03
  1364     0.5805810E-03
  1365     0.5795421E-03
  1366     0.5785050E-03
  1367     0.5774697E-03
  1368     0.5764361E-03
  1369     0.5754044E-03
  1370     0.5743744E-03
  1371     0.5733462E-03
  1372     0.5723198E-03
  1373     0.5712951E-03
  1374     0.5702722E-03
  1375     0.5692511E-03
  1376     0.5682317E-03
  1377     0.5672141E-03
  1378     0.5661983E-03
  1379     0.5651842E-03
  1380     0.5641718E-03
  1381     0.5631612E-03
  1382     0.5621523E-03
  1383     0.5611452E-03
  1384     0.5601398E-03
  1385     0.5591362E-03
  1386     0.5581343E-03
  1387     0.5571341E-03
  1388     0.5561357E-03
  1389     0.5551390E-03
  1390     0.5541440E-03
  1391     0.5531507E-03
  1392     0.5521591E-03
  1393     0.5511693E-03
  1394     0.5501812E-03
  1395     0.5491948E-03
  1396     0.5482101E-03
  1397     0.5472271E-03
  1398     0.5462458E-03
  1399     0.5452662E-03
  1400     0.5442883E-03
  1401     0.5433121E-03
  1402     0.5423376E-03
  1403     0.5413648E-03
  1404     0.5403936E-03
  1405     0.5394242E-03
  1406     0.5384568E-03
  1407     0.5374913E-03
  1408     0.5365274E-03
  1409     0.5355652E-03
  1410     0.5346047E-03
  1411     0.5336459E-03
  1412     0.5326887E-03
  1413     0.5317331E-03
  1414     0.5307793E-03
  1415     0.5298270E-03
  1416     0.5288765E-03
  1417     0.5279276E-03
  1418     0.5269803E-03
  1419     0.5260347E-03
  1420     0.5250907E-03
  1421     0.5241484E-03
  1422     0.5232077E-03
  1423     0.5222686E-03
  1424     0.5213312E-03
  1425     0.5203954E-03
  1426     0.5194612E-03
  1427     0.5185287E-03
  1428     0.5175978E-03
  1429     0.5166685E-03
  1430     0.5157408E-03
  1431     0.5148147E-03
  1432     0.5138903E-03
  1433     0.5129674E-03
  1434     0.5120462E-03
  1435     0.5111266E-03
  1436     0.5102086E-03
  1437     0.5092921E-03
  1438     0.5083773E-03
  1439     0.5074641E-03
  1440     0.5065525E-03
  1441     0.5056424E-03
  1442     0.5047340E-03
  1443     0.5038271E-03
  1444     0.5029218E-03
  1445     0.5020181E-03
  1446     0.5011160E-03
  1447     0.5002154E-03
  1448     0.4993164E-03
  1449     0.4984190E-03
  1450     0.4975232E-03
  1451     0.4966289E-03
  1452     0.4957362E-03
  1453     0.4948451E-03
  1454     0.4939555E-03
  1455     0.4930674E-03
  1456     0.4921810E-03
  1457     0.4912960E-03
  1458     0.4904126E-03
  1459     0.4895308E-03
  1460     0.4886505E-03
  1461     0.4877718E-03
  1462     0.4868945E-03
  1463     0.4860189E-03
  1464     0.4851447E-03
  1465     0.4842721E-03
  1466     0.4834010E-03
  1467     0.4825315E-03
  1468     0.4816634E-03
  1469     0.4807969E-03
  1470     0.4799319E-03
  1471     0.4790685E-03
  1472     0.4782065E-03
  1473     0.4773461E-03
  1474     0.4764871E-03
  1475     0.4756297E-03
  1476     0.4747738E-03
  1477     0.4739193E-03
  1478     0.4730664E-03
  1479     0.4722150E-03
  1480     0.4713650E-03
  1481     0.4705166E-03
  1482     0.4696696E-03
  1483     0.4688242E-03
  1484     0.4679802E-03
  1485     0.4671377E-03
  1486     0.4662967E-03
  1487     0.4654572E-03
  1488     0.4646191E-03
  1489     0.4637825E-03
  1490     0.4629474E-03
  1491     0.4621137E-03
  1492     0.4612816E-03
  1493     0.4604508E-03
  1494     0.4596216E-03
  1495     0.4587938E-03
  1496     0.4579675E-03
  1497     0.4571426E-03
  1498     0.4563191E-03
  1499     0.4554972E-03
  1500     0.4546766E-03
  1501     0.4538575E-03
  1502     0.4530399E-03
  1503     0.4522237E-03
  1504     0.4514089E-03
  1505     0.4505956E-03
  1506     0.4497837E-03
  1507     0.4489732E-03
  1508     0.4481641E-03
  1509     0.4473565E-03
  1510     0.4465503E-03
  1511     0.4457456E-03
  1512     0.4449422E-03
  1513     0.4441406E-03
  1514     0.4433404E-03
  1515     0.4425417E-03
  1516     0.4417443E-03
  1517     0.4409484E-03
  1518     0.4401539E-03
  1519     0.4393607E-03
  1520     0.4385690E-03
  1521     0.4377787E-03
  1522     0.4369897E-03
  1523     0.4362022E-03
  1524     0.4354160E-03
  1525     0.4346312E-03
  1526     0.4338478E-03
  1527     0.4330658E-03
  1528     0.4322852E-03
  1529     0.4315060E-03
  1530     0.4307281E-03
  1531     0.4299516E-03
  1532     0.4291765E-03
  1533     0.4284027E-03
  1534     0.4276303E-03
  1535     0.4268593E-03
  1536     0.4260896E-03
  1537     0.4253213E-03
  1538     0.4245544E-03
  1539     0.4237888E-03
  1540     0.4230246E-03
  1541     0.4222617E-03
  1542     0.4215002E-03
  1543     0.4207400E-03
  1544     0.4199811E-03
  1545     0.4192236E-03
  1546     0.4184675E-03
  1547     0.4177127E-03
  1548     0.4169592E-03
  1549     0.4162070E-03
  1550     0.4154562E-03
  1551     0.4147067E-03
  1552     0.4139585E-03
  1553     0.4132117E-03
  1554     0.4124662E-03
  1555     0.4117220E-03
  1556     0.4109791E-03
  1557     0.4102376E-03
  1558     0.4094973E-03
  1559     0.4087584E-03
  1560     0.4080207E-03
  1561     0.4072844E-03
  1562     0.4065494E-03
  1563     0.4058157E-03
  1564     0.4050833E-03
  1565     0.4043522E-03
  1566     0.4036224E-03
  1567     0.4028938E-03
  1568     0.4021666E-03
  1569     0.4014407E-03
  1570     0.4007160E-03
  1571     0.3999926E-03
  1572     0.3992706E-03
  1573     0.3985498E-03
  1574     0.3978302E-03
  1575     0.3971120E-03
  1576     0.3963950E-03
  1577     0.3956793E-03
  1578     0.3949649E-03
  1579     0.3942517E-03
  1580     0.3935398E-03
  1581     0.3928292E-03
  1582     0.3921198E-03
  1583     0.3914117E-03
  1584     0.3907049E-03
  1585     0.3899993E-03
  1586     0.3892949E-03
  1587     0.3885919E-03
  1588     0.3878900E-03
  1589     0.3871894E-03
  1590     0.3864901E-03
  1591     0.3857920E-03
  1592     0.3850951E-03
  1593     0.3843995E-03
  1594     0.3837051E-03
  1595     0.3830120E-03
  1596     0.3823200E-03
  1597     0.3816293E-03
  1598     0.3809399E-03
  1599     0.3802517E-03
  1600     0.3795646E-03
  1601     0.3788789E-03
  1602     0.3781943E-03
  1603     0.3775109E-03
  1604     0.3768288E-03
  1605     0.3761479E-03
  1606     0.3754682E-03
  1607     0.3747897E-03
  1608     0.3741124E-03
  1609     0.3734363E-03
  1610     0.3727614E-03
  1611     0.3720878E-03
  1612     0.3714153E-03
  1613     0.3707440E-03
  1614     0.3700739E-03
  1615     0.3694050E-03
  1616     0.3687373E-03
  1617     0.3680708E-03
  1618     0.3674055E-03
  1619     0.3667414E-03
  1620     0.3660784E-03
  1621     0.3654166E-03
  1622     0.3647561E-03
  1623     0.3640966E-03
  1624     0.3634384E-03
  1625     0.3627813E-03
  1626     0.3621254E-03
  1627     0.3614707E-03
  1628     0.3608172E-03
  1629     0.3601648E-03
  1630     0.3595136E-03
  1631     0.3588635E-03
  1632     0.3582146E-03
  1633     0.3575668E-03
  1634     0.3569202E-03
  1635     0.3562748E-03
  1636     0.3556305E-03
  1637     0.3549874E-03
  1638     0.3543454E-03
  1639     0.3537046E-03
  1640     0.3530649E-03
  1641     0.3524263E-03
  1642     0.3517889E-03
  1643     0.3511526E-03
  1644     0.3505175E-03
  1645     0.3498835E-03
  1646     0.3492506E-03
  1647     0.3486188E-03
  1648     0.3479882E-03
  1649     0.3473589E-03
  1650     0.3467308E-03
  1651     0.3461038E-03
  1652     0.3454778E-03
  1653     0.3448531E-03
  1654     0.3442294E-03
  1655     0.3436068E-03
  1656     0.3429854E-03
  1657     0.3423650E-03
  1658     0.3417458E-03
  1659     0.3411277E-03
  1660     0.3405107E-03
  1661     0.3398947E-03
  1662     0.3392799E-03
  1663     0.3386662E-03
  1664     0.3380536E-03
  1665     0.3374421E-03
  1666     0.3368316E-03
  1667     0.3362223E-03
  1668     0.3356140E-03
  1669     0.3350069E-03
  1670     0.3344008E-03
  1671     0.3337958E-03
  1672     0.3331919E-03
  1673     0.3325890E-03
  1674     0.3319873E-03
  1675     0.3313866E-03
  1676     0.3307870E-03
  1677     0.3301884E-03
  1678     0.3295910E-03
  1679     0.3289946E-03
  1680     0.3283993E-03
  1681     0.3278050E-03
  1682     0.3272118E-03
  1683     0.3266196E-03
  1684     0.3260286E-03
  1685     0.3254385E-03
  1686     0.3248496E-03
  1687     0.3242617E-03
  1688     0.3236748E-03
  1689     0.3230890E-03
  1690     0.3225042E-03
  1691     0.3219205E-03
  1692     0.3213379E-03
  1693     0.3207562E-03
  1694     0.3201756E-03
  1695     0.3195961E-03
  1696     0.3190176E-03
  1697     0.3184401E-03
  1698     0.3178637E-03
  1699     0.3172883E-03
  1700     0.3167139E-03
  1701     0.3161406E-03
  1702     0.3155683E-03
  1703     0.3149970E-03
  1704     0.3144267E-03
  1705     0.3138574E-03
  1706     0.3132892E-03
  1707     0.3127220E-03
  1708     0.3121558E-03
  1709     0.3115906E-03
  1710     0.3110265E-03
  1711     0.3104633E-03
  1712     0.3099012E-03
  1713     0.3093400E-03
  1714     0.3087799E-03
  1715     0.3082208E-03
  1716     0.3076627E-03
  1717     0.3071055E-03
  1718     0.3065494E-03
  1719     0.3059943E-03
  1720     0.3054402E-03
  1721     0.3048870E-03
  1722     0.3043349E-03
  1723     0.3037837E-03
  1724     0.3032336E-03
  1725     0.3026844E-03
  1726     0.3021362E-03
  1727     0.3015890E-03
  1728     0.3010428E-03
  1729     0.3004975E-03
  1730     0.2999532E-03
  1731     0.2994099E-03
  1732     0.2988676E-03
  1733     0.2983263E-03
  1734     0.2977859E-03
  1735     0.2972465E-03
  1736     0.2967081E-03
  1737     0.2961706E-03
  1738     0.2956341E-03
  1739     0.2950986E-03
  1740     0.2945640E-03
  1741     0.2940304E-03
  1742     0.2934977E-03
  1743     0.2929660E-03
  1744     0.2924352E-03
  1745     0.2919055E-03
  1746     0.2913766E-03
  1747     0.2908487E-03
  1748     0.2903218E-03
  1749     0.2897958E-03
  1750     0.2892707E-03
  1751     0.2887466E-03
  1752     0.2882234E-03
  1753     0.2877012E-03
  1754     0.2871799E-03
  1755     0.2866595E-03
  1756     0.2861401E-03
  1757     0.2856216E-03
  1758     0.2851041E-03
  1759     0.2845874E-03
  1760     0.2840717E-03
  1761     0.2835570E-03
  1762     0.2830431E-03
  1763     0.2825302E-03
  1764     0.2820182E-03
  1765     0.2815071E-03
  1766     0.2809970E-03
  1767     0.2804877E-03
  1768     0.2799794E-03
  1769     0.2794720E-03
  1770     0.2789655E-03
  1771     0.2784599E-03
  1772     0.2779552E-03
  1773     0.2774514E-03
  1774     0.2769486E-03
  1775     0.2764466E-03
  1776     0.2759455E-03
  1777     0.2754454E-03
  1778     0.2749461E-03
  1779     0.2744477E-03
  1780     0.2739503E-03
  1781     0.2734537E-03
  1782     0.2729580E-03
  1783     0.2724632E-03
  1784     0.2719693E-03
  1785     0.2714763E-03
  1786     0.2709842E-03
  1787     0.2704930E-03
  1788     0.2700026E-03
  1789     0.2695131E-03
  1790     0.2690246E-03
  1791     0.2685368E-03
  1792     0.2680500E-03
  1793     0.2675641E-03
  1794     0.2670790E-03
  1795     0.2665948E-03
  1796     0.2661114E-03
  1797     0.2656290E-03
  1798     0.2651474E-03
  1799     0.2646666E-03
  1800     0.2641868E-03
  1801     0.2637078E-03
  1802     0.2632296E-03
  1803     0.2627524E-03
  1804     0.2622759E-03
  1805     0.2618004E-03
  1806     0.2613257E-03
  1807     0.2608518E-03
  1808     0.2603788E-03
  1809     0.2599067E-03
  1810     0.2594354E-03
  1811     0.2589649E-03
  1812     0.2584954E-03
  1813     0.2580266E-03
  1814     0.2575587E-03
  1815     0.2570916E-03
  1816     0.2566254E-03
  1817     0.2561600E-03
  1818     0.2556955E-03
  1819     0.2552318E-03
  1820     0.2547689E-03
  1821     0.2543069E-03
  1822     0.2538457E-03
  1823     0.2533853E-03
  1824     0.2529257E-03
  1825     0.2524670E-03
  1826     0.2520091E-03
  1827     0.2515521E-03
  1828     0.2510960E-03
  1829     0.2506407E-03
  1830     0.2501862E-03
  1831     0.2497325E-03
  1832     0.2492797E-03
  1833     0.2488276E-03
  1834     0.2483764E-03
  1835     0.2479260E-03
  1836     0.2474764E-03
  1837     0.2470277E-03
  1838     0.2465797E-03
  1839     0.2461325E-03
  1840     0.2456862E-03
  1841     0.2452406E-03
  1842     0.2447959E-03
  1843     0.2443519E-03
  1844     0.2439088E-03
  1845     0.2434664E-03
  1846     0.2430249E-03
  1847     0.2425841E-03
  1848     0.2421441E-03
  1849     0.2417050E-03
  1850     0.2412666E-03
  1851     0.2408290E-03
  1852     0.2403922E-03
  1853     0.2399562E-03
  1854     0.2395210E-03
  1855     0.2390865E-03
  1856     0.2386529E-03
  1857     0.2382200E-03
  1858     0.2377879E-03
  1859     0.2373566E-03
  1860     0.2369261E-03
  1861     0.2364963E-03
  1862     0.2360673E-03
  1863     0.2356391E-03
  1864     0.2352117E-03
  1865     0.2347850E-03
  1866     0.2343591E-03
  1867     0.2339340E-03
  1868     0.2335096E-03
  1869     0.2330860E-03
  1870     0.2326632E-03
  1871     0.2322411E-03
  1872     0.2318198E-03
  1873     0.2313993E-03
  1874     0.2309795E-03
  1875     0.2305604E-03
  1876     0.2301422E-03
  1877     0.2297246E-03
  1878     0.2293079E-03
  1879     0.2288919E-03
  1880     0.2284766E-03
  1881     0.2280621E-03
  1882     0.2276483E-03
  1883     0.2272353E-03
  1884     0.2268230E-03
  1885     0.2264115E-03
  1886     0.2260007E-03
  1887     0.2255906E-03
  1888     0.2251813E-03
  1889     0.2247728E-03
  1890     0.2243649E-03
  1891     0.2239578E-03
  1892     0.2235515E-03
  1893     0.2231459E-03
  1894     0.2227410E-03
  1895     0.2223368E-03
  1896     0.2219334E-03
  1897     0.2215307E-03
  1898     0.2211287E-03
  1899     0.2207274E-03
  1900     0.2203269E-03
  1901     0.2199271E-03
  1902     0.2195280E-03
  1903     0.2191297E-03
  1904     0.2187320E-03
  1905     0.2183351E-03
  1906     0.2179389E-03
  1907     0.2175434E-03
  1908     0.2171486E-03
  1909     0.2167546E-03
  1910     0.2163612E-03
  1911     0.2159686E-03
  1912     0.2155766E-03
  1913     0.2151854E-03
  1914     0.2147949E-03
  1915     0.2144051E-03
  1916     0.2140160E-03
  1917     0.2136276E-03
  1918     0.2132399E-03
  1919     0.2128529E-03
  1920     0.2124665E-03
  1921     0.2120809E-03
  1922     0.2116960E-03
  1923     0.2113118E-03
  1924     0.2109283E-03
  1925     0.2105455E-03
  1926     0.2101633E-03
  1927     0.2097819E-03
  1928     0.2094011E-03
  1929     0.2090211E-03
  1930     0.2086417E-03
  1931     0.2082630E-03
  1932     0.2078850E-03
  1933     0.2075077E-03
  1934     0.2071310E-03
  1935     0.2067550E-03
  1936     0.2063798E-03
  1937     0.2060052E-03
  1938     0.2056312E-03
  1939     0.2052580E-03
  1940     0.2048854E-03
  1941     0.2045135E-03
  1942     0.2041423E-03
  1943     0.2037717E-03
  1944     0.2034018E-03
  1945     0.2030326E-03
  1946     0.2026640E-03
  1947     0.2022961E-03
  1948     0.2019289E-03
  1949     0.2015623E-03
  1950     0.2011964E-03
  1951     0.2008312E-03
  1952     0.2004666E-03
  1953     0.2001027E-03
  1954     0.1997395E-03
  1955     0.1993768E-03
  1956     0.1990149E-03
  1957     0.1986536E-03
  1958     0.1982930E-03
  1959     0.1979330E-03
  1960     0.1975736E-03
  1961     0.1972150E-03
  1962     0.1968569E-03
  1963     0.1964995E-03
  1964     0.1961428E-03
  1965     0.1957867E-03
  1966     0.1954312E-03
  1967     0.1950764E-03
  1968     0.1947223E-03
  1969     0.1943687E-03
  1970     0.1940158E-03
  1971     0.1936636E-03
  1972     0.1933120E-03
  1973     0.1929610E-03
  1974     0.1926107E-03
  1975     0.1922609E-03
  1976     0.1919119E-03
  1977     0.1915634E-03
  1978     0.1912156E-03
  1979     0.1908684E-03
  1980     0.1905219E-03
  1981     0.1901759E-03
  1982     0.1898306E-03
  1983     0.1894860E-03
  1984     0.1891419E-03
  1985     0.1887985E-03
  1986     0.1884557E-03
  1987     0.1881135E-03
  1988     0.1877719E-03
  1989     0.1874309E-03
  1990     0.1870906E-03
  1991     0.1867509E-03
  1992     0.1864118E-03
  1993     0.1860733E-03
  1994     0.1857354E-03
  1995     0.1853981E-03
  1996     0.1850615E-03
  1997     0.1847254E-03
  1998     0.1843900E-03
  1999     0.1840551E-03
  2000     0.1837209E-03
  2001     0.1833873E-03
  2002     0.1830543E-03
  2003     0.1827218E-03
  2004     0.1823900E-03
  2005     0.1820588E-03
  2006     0.1817282E-03
  2007     0.1813982E-03
  2008     0.1810688E-03
  2009     0.1807399E-03
  2010     0.1804117E-03
  2011     0.1800841E-03
  2012     0.1797570E-03
  2013     0.1794306E-03
  2014     0.1791047E-03
  2015     0.1787795E-03
  2016     0.1784548E-03
  2017     0.1781307E-03
  2018     0.1778072E-03
  2019     0.1774843E-03
  2020     0.1771619E-03
  2021     0.1768402E-03
  2022     0.1765190E-03
  2023     0.1761984E-03
  2024     0.1758784E-03
  2025     0.1755590E-03
  2026     0.1752402E-03
  2027     0.1749219E-03
  2028     0.1746042E-03
  2029     0.1742871E-03
  2030     0.1739705E-03
  2031     0.1736546E-03
  2032     0.1733392E-03
  2033     0.1730243E-03
  2034     0.1727101E-03
  2035     0.1723964E-03
  2036     0.1720833E-03
  2037     0.1717707E-03
  2038     0.1714587E-03
  2039     0.1711473E-03
  2040     0.1708365E-03
  2041     0.1705262E-03
  2042     0.1702164E-03
  2043     0.1699073E-03
  2044     0.1695986E-03
  2045     0.1692906E-03
  2046     0.1689831E-03
  2047     0.1686762E-03
  2048     0.1683698E-03
  2049     0.1680639E-03
  2050     0.1677587E-03
  2051     0.1674540E-03
  2052     0.1671498E-03
  2053     0.1668462E-03
  2054     0.1665431E-03
  2055     0.1662406E-03
  2056     0.1659386E-03
  2057     0.1656372E-03
  2058     0.1653363E-03
  2059     0.1650360E-03
  2060     0.1647362E-03
  2061     0.1644370E-03
  2062     0.1641382E-03
  2063     0.1638401E-03
  2064     0.1635425E-03
  2065     0.1632454E-03
  2066     0.1629488E-03
  2067     0.1626528E-03
  2068     0.1623574E-03
  2069     0.1620624E-03
  2070     0.1617680E-03
  2071     0.1614742E-03
  2072     0.1611808E-03
  2073     0.1608880E-03
  2074     0.1605958E-03
  2075     0.1603040E-03
  2076     0.1600128E-03
  2077     0.1597222E-03
  2078     0.1594321E-03
  2079     0.1591425E-03
  2080     0.1588535E-03
  2081     0.1585649E-03
  2082     0.1582769E-03
  2083     0.1579894E-03
  2084     0.1577025E-03
  2085     0.1574160E-03
  2086     0.1571301E-03
  2087     0.1568447E-03
  2088     0.1565598E-03
  2089     0.1562754E-03
  2090     0.1559915E-03
  2091     0.1557082E-03
  2092     0.1554254E-03
  2093     0.1551430E-03
  2094     0.1548612E-03
  2095     0.1545799E-03
  2096     0.1542991E-03
  2097     0.1540188E-03
  2098     0.1537391E-03
  2099     0.1534598E-03
  2100     0.1531810E-03
  2101     0.1529028E-03
  2102     0.1526250E-03
  2103     0.1523478E-03
  2104     0.1520710E-03
  2105     0.1517948E-03
  2106     0.1515191E-03
  2107     0.1512438E-03
  2108     0.1509691E-03
  2109     0.1506948E-03
  2110     0.1504211E-03
  2111     0.1501478E-03
  2112     0.1498751E-03
  2113     0.1496028E-03
  2114     0.1493310E-03
  2115     0.1490598E-03
  2116     0.1487890E-03
  2117     0.1485187E-03
  2118     0.1482489E-03
  2119     0.1479795E-03
  2120     0.1477107E-03
  2121     0.1474424E-03
  2122     0.1471745E-03
  2123     0.1469072E-03
  2124     0.1466403E-03
  2125     0.1463739E-03
  2126     0.1461080E-03
  2127     0.1458425E-03
  2128     0.1455776E-03
  2129     0.1453131E-03
  2130     0.1450491E-03
  2131     0.1447856E-03
  2132     0.1445225E-03
  2133     0.1442600E-03
  2134     0.1439979E-03
  2135     0.1437363E-03
  2136     0.1434752E-03
  2137     0.1432145E-03
  2138     0.1429543E-03
  2139     0.1426946E-03
  2140     0.1424353E-03
  2141     0.1421766E-03
  2142     0.1419182E-03
  2143     0.1416604E-03
  2144     0.1414030E-03
  2145     0.1411461E-03
  2146     0.1408897E-03
  2147     0.1406337E-03
  2148     0.1403782E-03
  2149     0.1401232E-03
  2150     0.1398686E-03
  2151     0.1396145E-03
  2152     0.1393608E-03
  2153     0.1391076E-03
  2154     0.1388548E-03
  2155     0.1386026E-03
  2156     0.1383507E-03
  2157     0.1380994E-03
  2158     0.1378484E-03
  2159     0.1375980E-03
  2160     0.1373480E-03
  2161     0.1370984E-03
  2162     0.1368493E-03
  2163     0.1366007E-03
  2164     0.1363525E-03
  2165     0.1361047E-03
  2166     0.1358574E-03
  2167     0.1356106E-03
  2168     0.1353642E-03
  2169     0.1351182E-03
  2170     0.1348727E-03
  2171     0.1346277E-03
  2172     0.1343831E-03
  2173     0.1341389E-03
  2174     0.1338951E-03
  2175     0.1336519E-03
  2176     0.1334090E-03
  2177     0.1331666E-03
  2178     0.1329246E-03
  2179     0.1326831E-03
  2180     0.1324420E-03
  2181     0.1322014E-03
  2182     0.1319611E-03
  2183     0.1317214E-03
  2184     0.1314820E-03
  2185     0.1312431E-03
  2186     0.1310046E-03
  2187     0.1307666E-03
  2188     0.1305290E-03
  2189     0.1302918E-03
  2190     0.1300550E-03
  2191     0.1298187E-03
  2192     0.1295828E-03
  2193     0.1293473E-03
  2194     0.1291123E-03
  2195     0.1288777E-03
  2196     0.1286435E-03
  2197     0.1284097E-03
  2198     0.1281764E-03
  2199     0.1279435E-03
  2200     0.1277110E-03
  2201     0.1274789E-03
  2202     0.1272473E-03
  2203     0.1270160E-03
  2204     0.1267852E-03
  2205     0.1265548E-03
  2206     0.1263248E-03
  2207     0.1260953E-03
  2208     0.1258661E-03
  2209     0.1256374E-03
  2210     0.1254091E-03
  2211     0.1251812E-03
  2212     0.1249537E-03
  2213     0.1247267E-03
  2214     0.1245000E-03
  2215     0.1242738E-03
  2216     0.1240479E-03
  2217     0.1238225E-03
  2218     0.1235975E-03
  2219     0.1233729E-03
  2220     0.1231487E-03
  2221     0.1229249E-03
  2222     0.1227015E-03
  2223     0.1224785E-03
  2224     0.1222559E-03
  2225     0.1220338E-03
  2226     0.1218120E-03
  2227     0.1215906E-03
  2228     0.1213697E-03
  2229     0.1211491E-03
  2230     0.1209289E-03
  2231     0.1207092E-03
  2232     0.1204898E-03
  2233     0.1202708E-03
  2234     0.1200522E-03
  2235     0.1198341E-03
  2236     0.1196163E-03
  2237     0.1193989E-03
  2238     0.1191819E-03
  2239     0.1189653E-03
  2240     0.1187491E-03
  2241     0.1185333E-03
  2242     0.1183179E-03
  2243     0.1181029E-03
  2244     0.1178882E-03
  2245     0.1176740E-03
  2246     0.1174601E-03
  2247     0.1172467E-03
  2248     0.1170336E-03
  2249     0.1168209E-03
  2250     0.1166086E-03
  2251     0.1163966E-03
  2252     0.1161851E-03
  2253     0.1159739E-03
  2254     0.1157632E-03
  2255     0.1155528E-03
  2256     0.1153428E-03
  2257     0.1151331E-03
  2258     0.1149239E-03
  2259     0.1147150E-03
  2260     0.1145065E-03
  2261     0.1142984E-03
  2262     0.1140907E-03
  2263     0.1138833E-03
  2264     0.1136764E-03
  2265     0.1134698E-03
  2266     0.1132635E-03
  2267     0.1130577E-03
  2268     0.1128522E-03
  2269     0.1126471E-03
  2270     0.1124424E-03
  2271     0.1122380E-03
  2272     0.1120340E-03
  2273     0.1118304E-03
  2274     0.1116271E-03
  2275     0.1114242E-03
  2276     0.1112217E-03
  2277     0.1110196E-03
  2278     0.1108178E-03
  2279     0.1106164E-03
  2280     0.1104153E-03
  2281     0.1102146E-03
  2282     0.1100143E-03
  2283     0.1098144E-03
  2284     0.1096148E-03
  2285     0.1094156E-03
  2286     0.1092167E-03
  2287     0.1090182E-03
  2288     0.1088200E-03
  2289     0.1086222E-03
  2290     0.1084248E-03
  2291     0.1082277E-03
  2292     0.1080310E-03
  2293     0.1078347E-03
  2294     0.1076387E-03
  2295     0.1074430E-03
  2296     0.1072477E-03
  2297     0.1070528E-03
  2298     0.1068582E-03
  2299     0.1066640E-03
  2300     0.1064701E-03
  2301     0.1062766E-03
  2302     0.1060834E-03
  2303     0.1058906E-03
  2304     0.1056982E-03
  2305     0.1055060E-03
  2306     0.1053143E-03
  2307     0.1051228E-03
  2308     0.1049318E-03
  2309     0.1047410E-03
  2310     0.1045507E-03
  2311     0.1043606E-03
  2312     0.1041709E-03
  2313     0.1039816E-03
  2314     0.1037926E-03
  2315     0.1036039E-03
  2316     0.1034156E-03
  2317     0.1032276E-03
  2318     0.1030400E-03
  2319     0.1028527E-03
  2320     0.1026658E-03
  2321     0.1024791E-03
  2322     0.1022929E-03
  2323     0.1021069E-03
  2324     0.1019213E-03
  2325     0.1017361E-03
  2326     0.1015511E-03
  2327     0.1013666E-03
  2328     0.1011823E-03
  2329     0.1009984E-03
  2330     0.1008148E-03
  2331     0.1006315E-03
  2332     0.1004486E-03
  2333     0.1002660E-03
  2334     0.1000838E-03
  2335     0.9990185E-04
  2336     0.9972026E-04
  2337     0.9953899E-04
  2338     0.9935806E-04
  2339     0.9917745E-04
  2340     0.9899717E-04
  2341     0.9881722E-04
  2342     0.9863759E-04
  2343     0.9845829E-04
  2344     0.9827932E-04
  2345     0.9810067E-04
  2346     0.9792235E-04
  2347     0.9774435E-04
  2348     0.9756667E-04
  2349     0.9738932E-04
  2350     0.9721229E-04
  2351     0.9703558E-04
  2352     0.9685919E-04
  2353     0.9668312E-04
  2354     0.9650737E-04
  2355     0.9633194E-04
  2356     0.9615683E-04
  2357     0.9598203E-04
  2358     0.9580756E-04
  2359     0.9563340E-04
  2360     0.9545956E-04
  2361     0.9528603E-04
  2362     0.9511282E-04
  2363     0.9493992E-04
  2364     0.9476734E-04
  2365     0.9459507E-04
  2366     0.9442311E-04
  2367     0.9425146E-04
  2368     0.9408013E-04
  2369     0.9390911E-04
  2370     0.9373840E-04
  2371     0.9356800E-04
  2372     0.9339791E-04
  2373     0.9322812E-04
  2374     0.9305865E-04
  2375     0.9288948E-04
  2376     0.9272062E-04
  2377     0.9255207E-04
  2378     0.9238382E-04
  2379     0.9221588E-04
  2380     0.9204825E-04
  2381     0.9188092E-04
  2382     0.9171389E-04
  2383     0.9154717E-04
  2384     0.9138074E-04
  2385     0.9121463E-04
  2386     0.9104881E-04
  2387     0.9088329E-04
  2388     0.9071808E-04
  2389     0.9055316E-04
  2390     0.9038855E-04
  2391     0.9022423E-04
  2392     0.9006021E-04
  2393     0.8989649E-04
  2394     0.8973307E-04
  2395     0.8956994E-04
  2396     0.8940711E-04
  2397     0.8924458E-04
  2398     0.8908234E-04
  2399     0.8892040E-04
  2400     0.8875875E-04
  2401     0.8859739E-04
  2402     0.8843633E-04
  2403     0.8827556E-04
  2404     0.8811508E-04
  2405     0.8795489E-04
  2406     0.8779500E-04
  2407     0.8763539E-04
  2408     0.8747608E-04
  2409     0.8731705E-04
  2410     0.8715831E-04
  2411     0.8699987E-04
  2412     0.8684171E-04
  2413     0.8668383E-04
  2414     0.8652624E-04
  2415     0.8636894E-04
  2416     0.8621193E-04
  2417     0.8605520E-04
  2418     0.8589876E-04
  2419     0.8574259E-04
  2420     0.8558672E-04
  2421     0.8543112E-04
  2422     0.8527581E-04
  2423     0.8512078E-04
  2424     0.8496604E-04
  2425     0.8481157E-04
  2426     0.8465739E-04
  2427     0.8450348E-04
  2428     0.8434985E-04
  2429     0.8419651E-04
  2430     0.8404344E-04
  2431     0.8389065E-04
  2432     0.8373814E-04
  2433     0.8358590E-04
  2434     0.8343394E-04
  2435     0.8328226E-04
  2436     0.8313085E-04
  2437     0.8297972E-04
  2438     0.8282886E-04
  2439     0.8267828E-04
  2440     0.8252797E-04
  2441     0.8237793E-04
  2442     0.8222817E-04
  2443     0.8207868E-04
  2444     0.8192946E-04
  2445     0.8178051E-04
  2446     0.8163183E-04
  2447     0.8148342E-04
  2448     0.8133528E-04
  2449     0.8118741E-04
  2450     0.8103981E-04
  2451     0.8089248E-04
  2452     0.8074541E-04
  2453     0.8059861E-04
  2454     0.8045208E-04
  2455     0.8030582E-04
  2456     0.8015982E-04
  2457     0.8001408E-04
  2458     0.7986861E-04
  2459     0.7972341E-04
  2460     0.7957847E-04
  2461     0.7943379E-04
  2462     0.7928937E-04
  2463     0.7914522E-04
  2464     0.7900134E-04
  2465     0.7885772E-04
  2466     0.7871437E-04
  2467     0.7857127E-04
  2468     0.7842844E-04
  2469     0.7828587E-04
  2470     0.7814355E-04
  2471     0.7800150E-04
  2472     0.7785970E-04
  2473     0.7771816E-04
  2474     0.7757687E-04
  2475     0.7743585E-04
  2476     0.7729508E-04
  2477     0.7715456E-04
  2478     0.7701430E-04
  2479     0.7687430E-04
  2480     0.7673455E-04
  2481     0.7659505E-04
  2482     0.7645581E-04
  2483     0.7631682E-04
  2484     0.7617808E-04
  2485     0.7603960E-04
  2486     0.7590136E-04
  2487     0.7576338E-04
  2488     0.7562565E-04
  2489     0.7548816E-04
  2490     0.7535093E-04
  2491     0.7521395E-04
  2492     0.7507722E-04
  2493     0.7494073E-04
  2494     0.7480449E-04
  2495     0.7466850E-04
  2496     0.7453276E-04
  2497     0.7439726E-04
  2498     0.7426201E-04
  2499     0.7412701E-04
  2500     0.7399225E-04
  2501     0.7385774E-04
  2502     0.7372347E-04
  2503     0.7358944E-04
  2504     0.7345566E-04
  2505     0.7332212E-04
  2506     0.7318882E-04
  2507     0.7305577E-04
  2508     0.7292295E-04
  2509     0.7279038E-04
  2510     0.7265805E-04
  2511     0.7252596E-04
  2512     0.7239411E-04
  2513     0.7226250E-04
  2514     0.7213113E-04
  2515     0.7200000E-04
  2516     0.7186910E-04
  2517     0.7173845E-04
  2518     0.7160803E-04
  2519     0.7147784E-04
  2520     0.7134790E-04
  2521     0.7121819E-04
  2522     0.7108871E-04
  2523     0.7095948E-04
  2524     0.7083047E-04
  2525     0.7070170E-04
  2526     0.7057317E-04
  2527     0.7044486E-04
  2528     0.7031680E-04
  2529     0.7018896E-04
  2530     0.7006136E-04
  2531     0.6993398E-04
  2532     0.6980684E-04
  2533     0.6967993E-04
  2534     0.6955325E-04
  2535     0.6942681E-04
  2536     0.6930059E-04
  2537     0.6917460E-04
  2538     0.6904884E-04
  2539     0.6892330E-04
  2540     0.6879800E-04
  2541     0.6867292E-04
  2542     0.6854807E-04
  2543     0.6842345E-04
  2544     0.6829905E-04
  2545     0.6817488E-04
  2546     0.6805094E-04
  2547     0.6792722E-04
  2548     0.6780373E-04
  2549     0.6768046E-04
  2550     0.6755741E-04
  2551     0.6743459E-04
  2552     0.6731199E-04
  2553     0.6718961E-04
  2554     0.6706746E-04
  2555     0.6694553E-04
  2556     0.6682382E-04
  2557     0.6670233E-04
  2558     0.6658106E-04
  2559     0.6646001E-04
  2560     0.6633918E-04
  2561     0.6621858E-04
  2562     0.6609819E-04
  2563     0.6597802E-04
  2564     0.6585806E-04
  2565     0.6573833E-04
  2566     0.6561881E-04
  2567     0.6549951E-04
  2568     0.6538043E-04
  2569     0.6526156E-04
  2570     0.6514291E-04
  2571     0.6502448E-04
  2572     0.6490626E-04
  2573     0.6478825E-04
  2574     0.6467046E-04
  2575     0.6455289E-04
  2576     0.6443553E-04
  2577     0.6431838E-04
  2578     0.6420144E-04
  2579     0.6408472E-04
  2580     0.6396820E-04
  2581     0.6385190E-04
  2582     0.6373582E-04
  2583     0.6361994E-04
  2584     0.6350427E-04
  2585     0.6338881E-04
  2586     0.6327357E-04
  2587     0.6315853E-04
  2588     0.6304370E-04
  2589     0.6292908E-04
  2590     0.6281467E-04
  2591     0.6270046E-04
  2592     0.6258647E-04
  2593     0.6247268E-04
  2594     0.6235910E-04
  2595     0.6224572E-04
  2596     0.6213255E-04
  2597     0.6201959E-04
  2598     0.6190683E-04
  2599     0.6179427E-04
  2600     0.6168193E-04
  2601     0.6156978E-04
  2602     0.6145784E-04
  2603     0.6134610E-04
  2604     0.6123457E-04
  2605     0.6112323E-04
  2606     0.6101210E-04
  2607     0.6090118E-04
  2608     0.6079045E-04
  2609     0.6067992E-04
  2610     0.6056960E-04
  2611     0.6045948E-04
  2612     0.6034955E-04
  2613     0.6023983E-04
  2614     0.6013031E-04
  2615     0.6002098E-04
  2616     0.5991185E-04
  2617     0.5980292E-04
  2618     0.5969419E-04
  2619     0.5958566E-04
  2620     0.5947733E-04
  2621     0.5936919E-04
  2622     0.5926125E-04
  2623     0.5915350E-04
  2624     0.5904595E-04
  2625     0.5893860E-04
  2626     0.5883144E-04
  2627     0.5872447E-04
  2628     0.5861770E-04
  2629     0.5851112E-04
  2630     0.5840474E-04
  2631     0.5829855E-04
  2632     0.5819256E-04
  2633     0.5808675E-04
  2634     0.5798114E-04
  2635     0.5787572E-04
  2636     0.5777049E-04
  2637     0.5766546E-04
  2638     0.5756061E-04
  2639     0.5745596E-04
  2640     0.5735149E-04
  2641     0.5724722E-04
  2642     0.5714313E-04
  2643     0.5703924E-04
  2644     0.5693553E-04
  2645     0.5683201E-04
  2646     0.5672868E-04
  2647     0.5662553E-04
  2648     0.5652258E-04
  2649     0.5641981E-04
  2650     0.5631723E-04
  2651     0.5621483E-04
  2652     0.5611262E-04
  2653     0.5601060E-04
  2654     0.5590876E-04
  2655     0.5580711E-04
  2656     0.5570564E-04
  2657     0.5560436E-04
  2658     0.5550326E-04
  2659     0.5540234E-04
  2660     0.5530161E-04
  2661     0.5520106E-04
  2662     0.5510070E-04
  2663     0.5500051E-04
  2664     0.5490051E-04
  2665     0.5480069E-04
  2666     0.5470105E-04
  2667     0.5460159E-04
  2668     0.5450232E-04
  2669     0.5440322E-04
  2670     0.5430430E-04
  2671     0.5420557E-04
  2672     0.5410701E-04
  2673     0.5400863E-04
  2674     0.5391043E-04
  2675     0.5381241E-04
  2676     0.5371457E-04
  2677     0.5361690E-04
  2678     0.5351942E-04
  2679     0.5342211E-04
  2680     0.5332497E-04
  2681     0.5322802E-04
  2682     0.5313124E-04
  2683     0.5303463E-04
  2684     0.5293820E-04
  2685     0.5284195E-04
  2686     0.5274587E-04
  2687     0.5264997E-04
  2688     0.5255424E-04
  2689     0.5245868E-04
  2690     0.5236330E-04
  2691     0.5226809E-04
  2692     0.5217305E-04
  2693     0.5207819E-04
  2694     0.5198350E-04
  2695     0.5188898E-04
  2696     0.5179464E-04
  2697     0.5170046E-04
  2698     0.5160646E-04
  2699     0.5151262E-04
  2700     0.5141896E-04
  2701     0.5132547E-04
  2702     0.5123215E-04
  2703     0.5113900E-04
  2704     0.5104601E-04
  2705     0.5095320E-04
  2706     0.5086055E-04
  2707     0.5076808E-04
  2708     0.5067577E-04
  2709     0.5058362E-04
  2710     0.5049165E-04
  2711     0.5039984E-04
  2712     0.5030820E-04
  2713     0.5021673E-04
  2714     0.5012542E-04
  2715     0.5003428E-04
  2716     0.4994331E-04
  2717     0.4985250E-04
  2718     0.4976185E-04
  2719     0.4967137E-04
  2720     0.4958106E-04
  2721     0.4949091E-04
  2722     0.4940092E-04
  2723     0.4931110E-04
  2724     0.4922143E-04
  2725     0.4913194E-04
  2726     0.4904260E-04
  2727     0.4895343E-04
  2728     0.4886442E-04
  2729     0.4877557E-04
  2730     0.4868688E-04
  2731     0.4859836E-04
  2732     0.4850999E-04
  2733     0.4842179E-04
  2734     0.4833374E-04
  2735     0.4824586E-04
  2736     0.4815813E-04
  2737     0.4807057E-04
  2738     0.4798316E-04
  2739     0.4789592E-04
  2740     0.4780883E-04
  2741     0.4772190E-04
  2742     0.4763513E-04
  2743     0.4754851E-04
  2744     0.4746206E-04
  2745     0.4737576E-04
  2746     0.4728961E-04
  2747     0.4720363E-04
  2748     0.4711780E-04
  2749     0.4703212E-04
  2750     0.4694661E-04
  2751     0.4686124E-04
  2752     0.4677604E-04
  2753     0.4669098E-04
  2754     0.4660609E-04
  2755     0.4652134E-04
  2756     0.4643675E-04
  2757     0.4635232E-04
  2758     0.4626803E-04
  2759     0.4618391E-04
  2760     0.4609993E-04
  2761     0.4601611E-04
  2762     0.4593244E-04
  2763     0.4584892E-04
  2764     0.4576555E-04
  2765     0.4568233E-04
  2766     0.4559927E-04
  2767     0.4551636E-04
  2768     0.4543359E-04
  2769     0.4535098E-04
  2770     0.4526852E-04
  2771     0.4518621E-04
  2772     0.4510404E-04
  2773     0.4502203E-04
  2774     0.4494017E-04
  2775     0.4485845E-04
  2776     0.4477689E-04
  2777     0.4469547E-04
  2778     0.4461420E-04
  2779     0.4453307E-04
  2780     0.4445210E-04
  2781     0.4437127E-04
  2782     0.4429059E-04
  2783     0.4421006E-04
  2784     0.4412967E-04
  2785     0.4404943E-04
  2786     0.4396933E-04
  2787     0.4388938E-04
  2788     0.4380957E-04
  2789     0.4372991E-04
  2790     0.4365040E-04
  2791     0.4357103E-04
  2792     0.4349180E-04
  2793     0.4341272E-04
  2794     0.4333378E-04
  2795     0.4325499E-04
  2796     0.4317634E-04
  2797     0.4309783E-04
  2798     0.4301946E-04
  2799     0.4294124E-04
  2800     0.4286316E-04
  2801     0.4278522E-04
  2802     0.4270742E-04
  2803     0.4262976E-04
  2804     0.4255225E-04
  2805     0.4247487E-04
  2806     0.4239764E-04
  2807     0.4232055E-04
  2808     0.4224359E-04
  2809     0.4216678E-04
  2810     0.4209011E-04
  2811     0.4201357E-04
  2812     0.4193718E-04
  2813     0.4186092E-04
  2814     0.4178480E-04
  2815     0.4170882E-04
  2816     0.4163298E-04
  2817     0.4155728E-04
  2818     0.4148172E-04
  2819     0.4140629E-04
  2820     0.4133100E-04
  2821     0.4125584E-04
  2822     0.4118082E-04
  2823     0.4110594E-04
  2824     0.4103120E-04
  2825     0.4095659E-04
  2826     0.4088212E-04
  2827     0.4080778E-04
  2828     0.4073358E-04
  2829     0.4065951E-04
  2830     0.4058557E-04
  2831     0.4051178E-04
  2832     0.4043811E-04
  2833     0.4036458E-04
  2834     0.4029118E-04
  2835     0.4021792E-04
  2836     0.4014479E-04
  2837     0.4007179E-04
  2838     0.3999893E-04
  2839     0.3992619E-04
  2840     0.3985359E-04
  2841     0.3978112E-04
  2842     0.3970879E-04
  2843     0.3963658E-04
  2844     0.3956451E-04
  2845     0.3949257E-04
  2846     0.3942076E-04
  2847     0.3934907E-04
  2848     0.3927752E-04
  2849     0.3920610E-04
  2850     0.3913481E-04
  2851     0.3906365E-04
  2852     0.3899262E-04
  2853     0.3892171E-04
  2854     0.3885094E-04
  2855     0.3878030E-04
  2856     0.3870978E-04
  2857     0.3863939E-04
  2858     0.3856913E-04
  2859     0.3849900E-04
  2860     0.3842899E-04
  2861     0.3835911E-04
  2862     0.3828936E-04
  2863     0.3821974E-04
  2864     0.3815024E-04
  2865     0.3808087E-04
  2866     0.3801162E-04
  2867     0.3794250E-04
  2868     0.3787351E-04
  2869     0.3780464E-04
  2870     0.3773590E-04
  2871     0.3766728E-04
  2872     0.3759879E-04
  2873     0.3753042E-04
  2874     0.3746217E-04
  2875     0.3739405E-04
  2876     0.3732605E-04
  2877     0.3725818E-04
  2878     0.3719043E-04
  2879     0.3712281E-04
  2880     0.3705530E-04
  2881     0.3698792E-04
  2882     0.3692066E-04
  2883     0.3685353E-04
  2884     0.3678651E-04
  2885     0.3671962E-04
  2886     0.3665285E-04
  2887     0.3658620E-04
  2888     0.3651967E-04
  2889     0.3645327E-04
  2890     0.3638698E-04
  2891     0.3632081E-04
  2892     0.3625477E-04
  2893     0.3618884E-04
  2894     0.3612304E-04
  2895     0.3605735E-04
  2896     0.3599179E-04
  2897     0.3592634E-04
  2898     0.3586101E-04
  2899     0.3579580E-04
  2900     0.3573071E-04
  2901     0.3566574E-04
  2902     0.3560088E-04
  2903     0.3553615E-04
  2904     0.3547153E-04
  2905     0.3540703E-04
  2906     0.3534264E-04
  2907     0.3527837E-04
  2908     0.3521422E-04
  2909     0.3515019E-04
  2910     0.3508627E-04
  2911     0.3502247E-04
  2912     0.3495879E-04
  2913     0.3489522E-04
  2914     0.3483176E-04
  2915     0.3476843E-04
  2916     0.3470520E-04
  2917     0.3464209E-04
  2918     0.3457910E-04
  2919     0.3451622E-04
  2920     0.3445346E-04
  2921     0.3439081E-04
  2922     0.3432827E-04
  2923     0.3426585E-04
  2924     0.3420354E-04
  2925     0.3414134E-04
  2926     0.3407926E-04
  2927     0.3401729E-04
  2928     0.3395543E-04
  2929     0.3389369E-04
  2930     0.3383205E-04
  2931     0.3377053E-04
  2932     0.3370913E-04
  2933     0.3364783E-04
  2934     0.3358664E-04
  2935     0.3352557E-04
  2936     0.3346460E-04
  2937     0.3340375E-04
  2938     0.3334301E-04
  2939     0.3328238E-04
  2940     0.3322186E-04
  2941     0.3316145E-04
  2942     0.3310114E-04
  2943     0.3304095E-04
  2944     0.3298087E-04
  2945     0.3292090E-04
  2946     0.3286103E-04
  2947     0.3280128E-04
  2948     0.3274163E-04
  2949     0.3268209E-04
  2950     0.3262266E-04
  2951     0.3256334E-04
  2952     0.3250413E-04
  2953     0.3244502E-04
  2954     0.3238602E-04
  2955     0.3232713E-04
  2956     0.3226835E-04
  2957     0.3220967E-04
  2958     0.3215110E-04
  2959     0.3209263E-04
  2960     0.3203428E-04
  2961     0.3197602E-04
  2962     0.3191788E-04
  2963     0.3185984E-04
  2964     0.3180190E-04
  2965     0.3174407E-04
  2966     0.3168635E-04
  2967     0.3162873E-04
  2968     0.3157121E-04
  2969     0.3151380E-04
  2970     0.3145650E-04
  2971     0.3139930E-04
  2972     0.3134220E-04
  2973     0.3128521E-04
  2974     0.3122832E-04
  2975     0.3117153E-04
  2976     0.3111485E-04
  2977     0.3105827E-04
  2978     0.3100179E-04
  2979     0.3094541E-04
  2980     0.3088914E-04
  2981     0.3083297E-04
  2982     0.3077690E-04
  2983     0.3072094E-04
  2984     0.3066507E-04
  2985     0.3060931E-04
  2986     0.3055365E-04
  2987     0.3049809E-04
  2988     0.3044263E-04
  2989     0.3038727E-04
  2990     0.3033201E-04
  2991     0.3027686E-04
  2992     0.3022180E-04
  2993     0.3016684E-04
  2994     0.3011199E-04
  2995     0.3005723E-04
  2996     0.3000257E-04
  2997     0.2994802E-04
  2998     0.2989356E-04
  2999     0.2983920E-04
  3000     0.2978494E-04
  3001     0.2973077E-04
  3002     0.2967671E-04
  3003     0.2962274E-04
  3004     0.2956888E-04
  3005     0.2951511E-04
  3006     0.2946144E-04
  3007     0.2940786E-04
  3008     0.2935438E-04
  3009     0.2930101E-04
  3010     0.2924772E-04
  3011     0.2919454E-04
  3012     0.2914145E-04
  3013     0.2908846E-04
  3014     0.2903556E-04
  3015     0.2898276E-04
  3016     0.2893006E-04
  3017     0.2887745E-04
  3018     0.2882494E-04
  3019     0.2877252E-04
  3020     0.2872020E-04
  3021     0.2866797E-04
  3022     0.2861584E-04
  3023     0.2856380E-04
  3024     0.2851186E-04
  3025     0.2846001E-04
  3026     0.2840826E-04
  3027     0.2835660E-04
  3028     0.2830504E-04
  3029     0.2825357E-04
  3030     0.2820219E-04
  3031     0.2815090E-04
  3032     0.2809971E-04
  3033     0.2804861E-04
  3034     0.2799761E-04
  3035     0.2794670E-04
  3036     0.2789588E-04
  3037     0.2784515E-04
  3038     0.2779451E-04
  3039     0.2774397E-04
  3040     0.2769352E-04
  3041     0.2764316E-04
  3042     0.2759289E-04
  3043     0.2754271E-04
  3044     0.2749263E-04
  3045     0.2744263E-04
  3046     0.2739273E-04
  3047     0.2734292E-04
  3048     0.2729320E-04
  3049     0.2724356E-04
  3050     0.2719402E-04
  3051     0.2714457E-04
  3052     0.2709521E-04
  3053     0.2704594E-04
  3054     0.2699676E-04
  3055     0.2694766E-04
  3056     0.2689866E-04
  3057     0.2684975E-04
  3058     0.2680092E-04
  3059     0.2675218E-04
  3060     0.2670354E-04
  3061     0.2665498E-04
  3062     0.2660650E-04
  3063     0.2655812E-04
  3064     0.2650983E-04
  3065     0.2646162E-04
  3066     0.2641350E-04
  3067     0.2636547E-04
  3068     0.2631752E-04
  3069     0.2626966E-04
  3070     0.2622189E-04
  3071     0.2617421E-04
  3072     0.2612661E-04
  3073     0.2607910E-04
  3074     0.2603168E-04
  3075     0.2598434E-04
  3076     0.2593709E-04
  3077     0.2588992E-04
  3078     0.2584284E-04
  3079     0.2579585E-04
  3080     0.2574894E-04
  3081     0.2570212E-04
  3082     0.2565538E-04
  3083     0.2560872E-04
  3084     0.2556215E-04
  3085     0.2551567E-04
  3086     0.2546927E-04
  3087     0.2542295E-04
  3088     0.2537672E-04
  3089     0.2533058E-04
  3090     0.2528451E-04
  3091     0.2523853E-04
  3092     0.2519264E-04
  3093     0.2514683E-04
  3094     0.2510110E-04
  3095     0.2505545E-04
  3096     0.2500989E-04
  3097     0.2496441E-04
  3098     0.2491901E-04
  3099     0.2487370E-04
  3100     0.2482846E-04
  3101     0.2478331E-04
  3102     0.2473825E-04
  3103     0.2469326E-04
  3104     0.2464836E-04
  3105     0.2460353E-04
  3106     0.2455879E-04
  3107     0.2451413E-04
  3108     0.2446955E-04
  3109     0.2442506E-04
  3110     0.2438064E-04
  3111     0.2433630E-04
  3112     0.2429205E-04
  3113     0.2424787E-04
  3114     0.2420378E-04
  3115     0.2415976E-04
  3116     0.2411583E-04
  3117     0.2407198E-04
  3118     0.2402820E-04
  3119     0.2398451E-04
  3120     0.2394089E-04
  3121     0.2389735E-04
  3122     0.2385390E-04
  3123     0.2381052E-04
  3124     0.2376722E-04
  3125     0.2372400E-04
  3126     0.2368086E-04
  3127     0.2363779E-04
  3128     0.2359481E-04
  3129     0.2355190E-04
  3130     0.2350907E-04
  3131     0.2346632E-04
  3132     0.2342365E-04
  3133     0.2338105E-04
  3134     0.2333853E-04
  3135     0.2329609E-04
  3136     0.2325373E-04
  3137     0.2321144E-04
  3138     0.2316923E-04
  3139     0.2312710E-04
  3140     0.2308504E-04
  3141     0.2304306E-04
  3142     0.2300116E-04
  3143     0.2295933E-04
  3144     0.2291758E-04
  3145     0.2287591E-04
  3146     0.2283431E-04
  3147     0.2279278E-04
  3148     0.2275133E-04
  3149     0.2270996E-04
  3150     0.2266866E-04
  3151     0.2262744E-04
  3152     0.2258629E-04
  3153     0.2254522E-04
  3154     0.2250422E-04
  3155     0.2246330E-04
  3156     0.2242245E-04
  3157     0.2238167E-04
  3158     0.2234097E-04
  3159     0.2230034E-04
  3160     0.2225979E-04
  3161     0.2221931E-04
  3162     0.2217890E-04
  3163     0.2213857E-04
  3164     0.2209831E-04
  3165     0.2205813E-04
  3166     0.2201801E-04
  3167     0.2197797E-04
  3168     0.2193801E-04
  3169     0.2189811E-04
  3170     0.2185829E-04
  3171     0.2181854E-04
  3172     0.2177886E-04
  3173     0.2173926E-04
  3174     0.2169973E-04
  3175     0.2166027E-04
  3176     0.2162088E-04
  3177     0.2158156E-04
  3178     0.2154231E-04
  3179     0.2150314E-04
  3180     0.2146403E-04
  3181     0.2142500E-04
  3182     0.2138604E-04
  3183     0.2134715E-04
  3184     0.2130833E-04
  3185     0.2126958E-04
  3186     0.2123090E-04
  3187     0.2119229E-04
  3188     0.2115375E-04
  3189     0.2111529E-04
  3190     0.2107689E-04
  3191     0.2103856E-04
  3192     0.2100030E-04
  3193     0.2096211E-04
  3194     0.2092399E-04
  3195     0.2088594E-04
  3196     0.2084796E-04
  3197     0.2081005E-04
  3198     0.2077220E-04
  3199     0.2073443E-04
  3200     0.2069672E-04
  3201     0.2065909E-04
  3202     0.2062152E-04
  3203     0.2058402E-04
  3204     0.2054659E-04
  3205     0.2050922E-04
  3206     0.2047192E-04
  3207     0.2043470E-04
  3208     0.2039754E-04
  3209     0.2036044E-04
  3210     0.2032342E-04
  3211     0.2028646E-04
  3212     0.2024957E-04
  3213     0.2021274E-04
  3214     0.2017599E-04
  3215     0.2013930E-04
  3216     0.2010267E-04
  3217     0.2006611E-04
  3218     0.2002962E-04
  3219     0.1999320E-04
  3220     0.1995684E-04
  3221     0.1992055E-04
  3222     0.1988432E-04
  3223     0.1984816E-04
  3224     0.1981207E-04
  3225     0.1977604E-04
  3226     0.1974008E-04
  3227     0.1970418E-04
  3228     0.1966835E-04
  3229     0.1963258E-04
  3230     0.1959688E-04
  3231     0.1956124E-04
  3232     0.1952567E-04
  3233     0.1949016E-04
  3234     0.1945472E-04
  3235     0.1941934E-04
  3236     0.1938403E-04
  3237     0.1934877E-04
  3238     0.1931359E-04
  3239     0.1927847E-04
  3240     0.1924341E-04
  3241     0.1920841E-04
  3242     0.1917348E-04
  3243     0.1913862E-04
  3244     0.1910381E-04
  3245     0.1906907E-04
  3246     0.1903439E-04
  3247     0.1899978E-04
  3248     0.1896523E-04
  3249     0.1893074E-04
  3250     0.1889631E-04
  3251     0.1886195E-04
  3252     0.1882765E-04
  3253     0.1879341E-04
  3254     0.1875923E-04
  3255     0.1872512E-04
  3256     0.1869107E-04
  3257     0.1865708E-04
  3258     0.1862315E-04
  3259     0.1858928E-04
  3260     0.1855548E-04
  3261     0.1852173E-04
  3262     0.1848805E-04
  3263     0.1845443E-04
  3264     0.1842087E-04
  3265     0.1838737E-04
  3266     0.1835393E-04
  3267     0.1832056E-04
  3268     0.1828724E-04
  3269     0.1825398E-04
  3270     0.1822079E-04
  3271     0.1818765E-04
  3272     0.1815458E-04
  3273     0.1812156E-04
  3274     0.1808861E-04
  3275     0.1805572E-04
  3276     0.1802288E-04
  3277     0.1799011E-04
  3278     0.1795739E-04
  3279     0.1792473E-04
  3280     0.1789214E-04
  3281     0.1785960E-04
  3282     0.1782712E-04
  3283     0.1779470E-04
  3284     0.1776234E-04
  3285     0.1773004E-04
  3286     0.1769780E-04
  3287     0.1766561E-04
  3288     0.1763349E-04
  3289     0.1760142E-04
  3290     0.1756941E-04
  3291     0.1753746E-04
  3292     0.1750557E-04
  3293     0.1747374E-04
  3294     0.1744196E-04
  3295     0.1741024E-04
  3296     0.1737858E-04
  3297     0.1734698E-04
  3298     0.1731543E-04
  3299     0.1728394E-04
  3300     0.1725251E-04
  3301     0.1722114E-04
  3302     0.1718982E-04
  3303     0.1715856E-04
  3304     0.1712735E-04
  3305     0.1709621E-04
  3306     0.1706512E-04
  3307     0.1703408E-04
  3308     0.1700311E-04
  3309     0.1697219E-04
  3310     0.1694132E-04
  3311     0.1691051E-04
  3312     0.1687976E-04
  3313     0.1684906E-04
  3314     0.1681842E-04
  3315     0.1678784E-04
  3316     0.1675731E-04
  3317     0.1672684E-04
  3318     0.1669642E-04
  3319     0.1666605E-04
  3320     0.1663575E-04
  3321     0.1660549E-04
  3322     0.1657530E-04
  3323     0.1654515E-04
  3324     0.1651507E-04
  3325     0.1648503E-04
  3326     0.1645505E-04
  3327     0.1642513E-04
  3328     0.1639526E-04
  3329     0.1636544E-04
  3330     0.1633568E-04
  3331     0.1630598E-04
  3332     0.1627632E-04
  3333     0.1624672E-04
  3334     0.1621718E-04
  3335     0.1618769E-04
  3336     0.1615825E-04
  3337     0.1612886E-04
  3338     0.1609953E-04
  3339     0.1607026E-04
  3340     0.1604103E-04
  3341     0.1601186E-04
  3342     0.1598275E-04
  3343     0.1595368E-04
  3344     0.1592467E-04
  3345     0.1589571E-04
  3346     0.1586680E-04
  3347     0.1583795E-04
  3348     0.1580915E-04
  3349     0.1578040E-04
  3350     0.1575171E-04
  3351     0.1572306E-04
  3352     0.1569447E-04
  3353     0.1566593E-04
  3354     0.1563744E-04
  3355     0.1560900E-04
  3356     0.1558062E-04
  3357     0.1555229E-04
  3358     0.1552400E-04
  3359     0.1549577E-04
  3360     0.1546760E-04
  3361     0.1543947E-04
  3362     0.1541139E-04
  3363     0.1538337E-04
  3364     0.1535539E-04
  3365     0.1532747E-04
  3366     0.1529959E-04
  3367     0.1527177E-04
  3368     0.1524400E-04
  3369     0.1521628E-04
  3370     0.1518861E-04
  3371     0.1516099E-04
  3372     0.1513342E-04
  3373     0.1510590E-04
  3374     0.1507843E-04
  3375     0.1505101E-04
  3376     0.1502364E-04
  3377     0.1499632E-04
  3378     0.1496905E-04
  3379     0.1494183E-04
  3380     0.1491465E-04
  3381     0.1488753E-04
  3382     0.1486046E-04
  3383     0.1483344E-04
  3384     0.1480646E-04
  3385     0.1477954E-04
  3386     0.1475266E-04
  3387     0.1472583E-04
  3388     0.1469905E-04
  3389     0.1467232E-04
  3390     0.1464564E-04
  3391     0.1461901E-04
  3392     0.1459242E-04
  3393     0.1456589E-04
  3394     0.1453940E-04
  3395     0.1451296E-04
  3396     0.1448657E-04
  3397     0.1446022E-04
  3398     0.1443393E-04
  3399     0.1440768E-04
  3400     0.1438148E-04
  3401     0.1435533E-04
  3402     0.1432922E-04
  3403     0.1430316E-04
  3404     0.1427715E-04
  3405     0.1425119E-04
  3406     0.1422528E-04
  3407     0.1419941E-04
  3408     0.1417358E-04
  3409     0.1414781E-04
  3410     0.1412208E-04
  3411     0.1409640E-04
  3412     0.1407077E-04
  3413     0.1404518E-04
  3414     0.1401964E-04
  3415     0.1399414E-04
  3416     0.1396870E-04
  3417     0.1394329E-04
  3418     0.1391794E-04
  3419     0.1389263E-04
  3420     0.1386736E-04
  3421     0.1384215E-04
  3422     0.1381697E-04
  3423     0.1379185E-04
  3424     0.1376677E-04
  3425     0.1374173E-04
  3426     0.1371674E-04
  3427     0.1369180E-04
  3428     0.1366690E-04
  3429     0.1364205E-04
  3430     0.1361724E-04
  3431     0.1359248E-04
  3432     0.1356776E-04
  3433     0.1354308E-04
  3434     0.1351846E-04
  3435     0.1349387E-04
  3436     0.1346933E-04
  3437     0.1344484E-04
  3438     0.1342039E-04
  3439     0.1339599E-04
  3440     0.1337162E-04
  3441     0.1334731E-04
  3442     0.1332304E-04
  3443     0.1329881E-04
  3444     0.1327462E-04
  3445     0.1325048E-04
  3446     0.1322639E-04
  3447     0.1320234E-04
  3448     0.1317833E-04
  3449     0.1315436E-04
  3450     0.1313044E-04
  3451     0.1310656E-04
  3452     0.1308273E-04
  3453     0.1305894E-04
  3454     0.1303519E-04
  3455     0.1301149E-04
  3456     0.1298782E-04
  3457     0.1296421E-04
  3458     0.1294063E-04
  3459     0.1291710E-04
  3460     0.1289361E-04
  3461     0.1287016E-04
  3462     0.1284676E-04
  3463     0.1282339E-04
  3464     0.1280007E-04
  3465     0.1277680E-04
  3466     0.1275356E-04
  3467     0.1273037E-04
  3468     0.1270722E-04
  3469     0.1268411E-04
  3470     0.1266105E-04
  3471     0.1263802E-04
  3472     0.1261504E-04
  3473     0.1259210E-04
  3474     0.1256920E-04
  3475     0.1254634E-04
  3476     0.1252353E-04
  3477     0.1250075E-04
  3478     0.1247802E-04
  3479     0.1245533E-04
  3480     0.1243268E-04
  3481     0.1241007E-04
  3482     0.1238750E-04
  3483     0.1236497E-04
  3484     0.1234249E-04
  3485     0.1232004E-04
  3486     0.1229764E-04
  3487     0.1227527E-04
  3488     0.1225295E-04
  3489     0.1223067E-04
  3490     0.1220843E-04
  3491     0.1218623E-04
  3492     0.1216407E-04
  3493     0.1214195E-04
  3494     0.1211987E-04
  3495     0.1209783E-04
  3496     0.1207582E-04
  3497     0.1205386E-04
  3498     0.1203194E-04
  3499     0.1201006E-04
  3500     0.1198822E-04
  3501     0.1196642E-04
  3502     0.1194466E-04
  3503     0.1192294E-04
  3504     0.1190126E-04
  3505     0.1187962E-04
  3506     0.1185801E-04
  3507     0.1183645E-04
  3508     0.1181492E-04
  3509     0.1179344E-04
  3510     0.1177199E-04
  3511     0.1175058E-04
  3512     0.1172921E-04
  3513     0.1170788E-04
  3514     0.1168659E-04
  3515     0.1166534E-04
  3516     0.1164413E-04
  3517     0.1162295E-04
  3518     0.1160182E-04
  3519     0.1158072E-04
  3520     0.1155966E-04
  3521     0.1153864E-04
  3522     0.1151765E-04
  3523     0.1149671E-04
  3524     0.1147580E-04
  3525     0.1145493E-04
  3526     0.1143410E-04
  3527     0.1141331E-04
  3528     0.1139255E-04
  3529     0.1137184E-04
  3530     0.1135116E-04
  3531     0.1133051E-04
  3532     0.1130991E-04
  3533     0.1128934E-04
  3534     0.1126881E-04
  3535     0.1124832E-04
  3536     0.1122786E-04
  3537     0.1120744E-04
  3538     0.1118706E-04
  3539     0.1116672E-04
  3540     0.1114641E-04
  3541     0.1112614E-04
  3542     0.1110591E-04
  3543     0.1108571E-04
  3544     0.1106555E-04
  3545     0.1104543E-04
  3546     0.1102534E-04
  3547     0.1100529E-04
  3548     0.1098528E-04
  3549     0.1096530E-04
  3550     0.1094536E-04
  3551     0.1092546E-04
  3552     0.1090559E-04
  3553     0.1088576E-04
  3554     0.1086596E-04
  3555     0.1084620E-04
  3556     0.1082648E-04
  3557     0.1080679E-04
  3558     0.1078714E-04
  3559     0.1076752E-04
  3560     0.1074794E-04
  3561     0.1072839E-04
  3562     0.1070888E-04
  3563     0.1068941E-04
  3564     0.1066997E-04
  3565     0.1065057E-04
  3566     0.1063120E-04
  3567     0.1061187E-04
  3568     0.1059257E-04
  3569     0.1057330E-04
  3570     0.1055408E-04
  3571     0.1053488E-04
  3572     0.1051573E-04
  3573     0.1049660E-04
  3574     0.1047751E-04
  3575     0.1045846E-04
  3576     0.1043944E-04
  3577     0.1042046E-04
  3578     0.1040151E-04
  3579     0.1038259E-04
  3580     0.1036371E-04
  3581     0.1034486E-04
  3582     0.1032605E-04
  3583     0.1030727E-04
  3584     0.1028853E-04
  3585     0.1026982E-04
  3586     0.1025114E-04
  3587     0.1023250E-04
  3588     0.1021389E-04
  3589     0.1019532E-04
  3590     0.1017678E-04
  3591     0.1015827E-04
  3592     0.1013980E-04
  3593     0.1012136E-04
  3594     0.1010295E-04
  3595     0.1008458E-04
  3596     0.1006624E-04
  3597     0.1004793E-04
  3598     0.1002966E-04
  3599     0.1001142E-04
  3600     0.9993216E-05
