     0   0.3000000E+02
     1   0.4132500E+02
     2   0.4224969E+02
     3   0.3703619E+02
     4   0.2773090E+02
     5   0.2750173E+02
     6   0.2433140E+02
     7   0.1942131E+02
     8   0.1896109E+02
     9   0.1640491E+02
    10   0.1412056E+02
    11   0.1327313E+02
    12   0.1116910E+02
    13   0.1026868E+02
    14   0.9325820E+01
    15   0.7746167E+01
    16   0.7441440E+01
    17   0.6547598E+01
    18   0.5773107E+01
    19   0.5366997E+01
    20   0.4584888E+01
    21   0.4267330E+01
    22   0.3851135E+01
    23   0.3322374E+01
    24   0.3131081E+01
    25   0.2749601E+01
    26   0.2487458E+01
    27   0.2282258E+01
    28   0.1954035E+01
    29   0.1847491E+01
    30   0.1653875E+01
    31   0.1467750E+01
    32   0.1362702E+01
    33   0.1192496E+01
    34   0.1100188E+01
    35   0.9991712E+00
    36   0.8742924E+00
    37   0.8191216E+00
    38   0.7289812E+00
    39   0.6601300E+00
    40   0.6063794E+00
    41   0.5297334E+00
    42   0.4952605E+00
    43   0.4467731E+00
    44   0.4013685E+00
    45   0.3823618E+00
    46   0.3582357E+00
    47   0.3348588E+00
    48   0.3185700E+00
    49   0.3077069E+00
    50   0.2927427E+00
    51   0.2763672E+00
    52   0.2605130E+00
    53   0.2535522E+00
    54   0.2509259E+00
    55   0.2428331E+00
    56   0.2317319E+00
    57   0.2289631E+00
    58   0.2246460E+00
    59   0.2172499E+00
    60   0.2125027E+00
    61   0.2087286E+00
    62   0.2036571E+00
    63   0.1994306E+00
    64   0.1964469E+00
    65   0.1922211E+00
    66   0.1882921E+00
    67   0.1857109E+00
    68   0.1822463E+00
    69   0.1787304E+00
    70   0.1762744E+00
    71   0.1732896E+00
    72   0.1702112E+00
    73   0.1679002E+00
    74   0.1652364E+00
    75   0.1625328E+00
    76   0.1603927E+00
    77   0.1579600E+00
    78   0.1556186E+00
    79   0.1535998E+00
    80   0.1513456E+00
    81   0.1493352E+00
    82   0.1474047E+00
    83   0.1453774E+00
    84   0.1435630E+00
    85   0.1417176E+00
    86   0.1399530E+00
    87   0.1382316E+00
    88   0.1364886E+00
    89   0.1349304E+00
    90   0.1333009E+00
    91   0.1317207E+00
    92   0.1302627E+00
    93   0.1287391E+00
    94   0.1272837E+00
    95   0.1259104E+00
    96   0.1244779E+00
    97   0.1231433E+00
    98   0.1218595E+00
    99   0.1205916E+00
   100   0.1194333E+00
   101   0.1182666E+00
   102   0.1170966E+00
   103   0.1159222E+00
   104   0.1146904E+00
   105   0.1136178E+00
   106   0.1125439E+00
   107   0.1114468E+00
   108   0.1103470E+00
   109   0.1093175E+00
   110   0.1083172E+00
   111   0.1073087E+00
   112   0.1063491E+00
   113   0.1053813E+00
   114   0.1044289E+00
   115   0.1035164E+00
   116   0.1025993E+00
   117   0.1017040E+00
   118   0.1008327E+00
   119   0.9995791E-01
   120   0.9912133E-01
   121   0.9828565E-01
   122   0.9745770E-01
   123   0.9665229E-01
   124   0.9586046E-01
   125   0.9508329E-01
   126   0.9430901E-01
   127   0.9354667E-01
   128   0.9280904E-01
   129   0.9207770E-01
   130   0.9135548E-01
   131   0.9063375E-01
   132   0.8993567E-01
   133   0.8925034E-01
   134   0.8856995E-01
   135   0.8789814E-01
   136   0.8723101E-01
   137   0.8658497E-01
   138   0.8594627E-01
   139   0.8531179E-01
   140   0.8468305E-01
   141   0.8406843E-01
   142   0.8346462E-01
   143   0.8286817E-01
   144   0.8227383E-01
   145   0.8168657E-01
   146   0.8111570E-01
   147   0.8055127E-01
   148   0.7999140E-01
   149   0.7943551E-01
   150   0.7888586E-01
   151   0.7835297E-01
   152   0.7782303E-01
   153   0.7729797E-01
   154   0.7677604E-01
   155   0.7626223E-01
   156   0.7576117E-01
   157   0.7526360E-01
   158   0.7476980E-01
   159   0.7427950E-01
   160   0.7379734E-01
   161   0.7332642E-01
   162   0.7285865E-01
   163   0.7239458E-01
   164   0.7193353E-01
   165   0.7148004E-01
   166   0.7103649E-01
   167   0.7059610E-01
   168   0.7015903E-01
   169   0.6972499E-01
   170   0.6929735E-01
   171   0.6887951E-01
   172   0.6846464E-01
   173   0.6805274E-01
   174   0.6764354E-01
   175   0.6723967E-01
   176   0.6684583E-01
   177   0.6645456E-01
   178   0.6606600E-01
   179   0.6568013E-01
   180   0.6529803E-01
   181   0.6492635E-01
   182   0.6455758E-01
   183   0.6419153E-01
   184   0.6382799E-01
   185   0.6346851E-01
   186   0.6311823E-01
   187   0.6277029E-01
   188   0.6242463E-01
   189   0.6208126E-01
   190   0.6174047E-01
   191   0.6140955E-01
   192   0.6108078E-01
   193   0.6075413E-01
   194   0.6042961E-01
   195   0.6010720E-01
   196   0.5979338E-01
   197   0.5948252E-01
   198   0.5917362E-01
   199   0.5886669E-01
   200   0.5856172E-01
   201   0.5826361E-01
   202   0.5796948E-01
   203   0.5767717E-01
   204   0.5738668E-01
   205   0.5709800E-01
   206   0.5681730E-01
   207   0.5653941E-01
   208   0.5626320E-01
   209   0.5598867E-01
   210   0.5571579E-01
   211   0.5544989E-01
   212   0.5518657E-01
   213   0.5492479E-01
   214   0.5466455E-01
   215   0.5440584E-01
   216   0.5415276E-01
   217   0.5390303E-01
   218   0.5365471E-01
   219   0.5340781E-01
   220   0.5316231E-01
   221   0.5292282E-01
   222   0.5268633E-01
   223   0.5245113E-01
   224   0.5221722E-01
   225   0.5198505E-01
   226   0.5175913E-01
   227   0.5153441E-01
   228   0.5131087E-01
   229   0.5108850E-01
   230   0.5086732E-01
   231   0.5065205E-01
   232   0.5043827E-01
   233   0.5022558E-01
   234   0.5001397E-01
   235   0.4980658E-01
   236   0.4960250E-01
   237   0.4939939E-01
   238   0.4919727E-01
   239   0.4899612E-01
   240   0.4879830E-01
   241   0.4860372E-01
   242   0.4841004E-01
   243   0.4821725E-01
   244   0.4802534E-01
   245   0.4783890E-01
   246   0.4765358E-01
   247   0.4746907E-01
   248   0.4728536E-01
   249   0.4710326E-01
   250   0.4692535E-01
   251   0.4674817E-01
   252   0.4657171E-01
   253   0.4639598E-01
   254   0.4622420E-01
   255   0.4605426E-01
   256   0.4588497E-01
   257   0.4571634E-01
   258   0.4554835E-01
   259   0.4538446E-01
   260   0.4522151E-01
   261   0.4505914E-01
   262   0.4489736E-01
   263   0.4473971E-01
   264   0.4458298E-01
   265   0.4442677E-01
   266   0.4427109E-01
   267   0.4411592E-01
   268   0.4396424E-01
   269   0.4381374E-01
   270   0.4366371E-01
   271   0.4351414E-01
   272   0.4336766E-01
   273   0.4322220E-01
   274   0.4307716E-01
   275   0.4293253E-01
   276   0.4278985E-01
   277   0.4264929E-01
   278   0.4250909E-01
   279   0.4236925E-01
   280   0.4222978E-01
   281   0.4209285E-01
   282   0.4195710E-01
   283   0.4182167E-01
   284   0.4168656E-01
   285   0.4155340E-01
   286   0.4142162E-01
   287   0.4129012E-01
   288   0.4115890E-01
   289   0.4102974E-01
   290   0.4090172E-01
   291   0.4077395E-01
   292   0.4064642E-01
   293   0.4051946E-01
   294   0.4039487E-01
   295   0.4027049E-01
   296   0.4014633E-01
   297   0.4002239E-01
   298   0.3990015E-01
   299   0.3977886E-01
   300   0.3965776E-01
   301   0.3953685E-01
   302   0.3941664E-01
   303   0.3929814E-01
   304   0.3917981E-01
   305   0.3906165E-01
   306   0.3894475E-01
   307   0.3882886E-01
   308   0.3871312E-01
   309   0.3859753E-01
   310   0.3848221E-01
   311   0.3836863E-01
   312   0.3825518E-01
   313   0.3814186E-01
   314   0.3802868E-01
   315   0.3791641E-01
   316   0.3780501E-01
   317   0.3769374E-01
   318   0.3758260E-01
   319   0.3747158E-01
   320   0.3736179E-01
   321   0.3725236E-01
   322   0.3714304E-01
   323   0.3703383E-01
   324   0.3692475E-01
   325   0.3681689E-01
   326   0.3670921E-01
   327   0.3660164E-01
   328   0.3649418E-01
   329   0.3638683E-01
   330   0.3628035E-01
   331   0.3617424E-01
   332   0.3606837E-01
   333   0.3596271E-01
   334   0.3585716E-01
   335   0.3575209E-01
   336   0.3564766E-01
   337   0.3554333E-01
   338   0.3543911E-01
   339   0.3533499E-01
   340   0.3523099E-01
   341   0.3512710E-01
   342   0.3502405E-01
   343   0.3492113E-01
   344   0.3481832E-01
   345   0.3471562E-01
   346   0.3461303E-01
   347   0.3451057E-01
   348   0.3440822E-01
   349   0.3430623E-01
   350   0.3420472E-01
   351   0.3410333E-01
   352   0.3400207E-01
   353   0.3390092E-01
   354   0.3379990E-01
   355   0.3369901E-01
   356   0.3359825E-01
   357   0.3349762E-01
   358   0.3339713E-01
   359   0.3329724E-01
   360   0.3319775E-01
   361   0.3309838E-01
   362   0.3299915E-01
   363   0.3290005E-01
   364   0.3280109E-01
   365   0.3270227E-01
   366   0.3260360E-01
   367   0.3250506E-01
   368   0.3240667E-01
   369   0.3230843E-01
   370   0.3221040E-01
   371   0.3211280E-01
   372   0.3201535E-01
   373   0.3191805E-01
   374   0.3182090E-01
   375   0.3172390E-01
   376   0.3162706E-01
   377   0.3153037E-01
   378   0.3143385E-01
   379   0.3133748E-01
   380   0.3124128E-01
   381   0.3114523E-01
   382   0.3104936E-01
   383   0.3095365E-01
   384   0.3085811E-01
   385   0.3076275E-01
   386   0.3066755E-01
   387   0.3057253E-01
   388   0.3047784E-01
   389   0.3038361E-01
   390   0.3028955E-01
   391   0.3019565E-01
   392   0.3010194E-01
   393   0.3000839E-01
   394   0.2991502E-01
   395   0.2982183E-01
   396   0.2972882E-01
   397   0.2963598E-01
   398   0.2954333E-01
   399   0.2945086E-01
   400   0.2935857E-01
   401   0.2926647E-01
   402   0.2917456E-01
   403   0.2908283E-01
   404   0.2899129E-01
   405   0.2889993E-01
   406   0.2880877E-01
   407   0.2871780E-01
   408   0.2862702E-01
   409   0.2853644E-01
   410   0.2844605E-01
   411   0.2835585E-01
   412   0.2826585E-01
   413   0.2817604E-01
   414   0.2808644E-01
   415   0.2799703E-01
   416   0.2790782E-01
   417   0.2781881E-01
   418   0.2773001E-01
   419   0.2764140E-01
   420   0.2755300E-01
   421   0.2746493E-01
   422   0.2737719E-01
   423   0.2728966E-01
   424   0.2720232E-01
   425   0.2711518E-01
   426   0.2702825E-01
   427   0.2694152E-01
   428   0.2685499E-01
   429   0.2676866E-01
   430   0.2668254E-01
   431   0.2659663E-01
   432   0.2651091E-01
   433   0.2642541E-01
   434   0.2634011E-01
   435   0.2625502E-01
   436   0.2617013E-01
   437   0.2608545E-01
   438   0.2600098E-01
   439   0.2591672E-01
   440   0.2583267E-01
   441   0.2574883E-01
   442   0.2566519E-01
   443   0.2558177E-01
   444   0.2549856E-01
   445   0.2541555E-01
   446   0.2533276E-01
   447   0.2525018E-01
   448   0.2516781E-01
   449   0.2508566E-01
   450   0.2500371E-01
   451   0.2492198E-01
   452   0.2484046E-01
   453   0.2475916E-01
   454   0.2467806E-01
   455   0.2459718E-01
   456   0.2451652E-01
   457   0.2443606E-01
   458   0.2435582E-01
   459   0.2427580E-01
   460   0.2419598E-01
   461   0.2411639E-01
   462   0.2403700E-01
   463   0.2395783E-01
   464   0.2387888E-01
   465   0.2380014E-01
   466   0.2372161E-01
   467   0.2364330E-01
   468   0.2356520E-01
   469   0.2348732E-01
   470   0.2340965E-01
   471   0.2333220E-01
   472   0.2325502E-01
   473   0.2317809E-01
   474   0.2310138E-01
   475   0.2302488E-01
   476   0.2294859E-01
   477   0.2287252E-01
   478   0.2279666E-01
   479   0.2272101E-01
   480   0.2264558E-01
   481   0.2257035E-01
   482   0.2249535E-01
   483   0.2242055E-01
   484   0.2234597E-01
   485   0.2227160E-01
   486   0.2219744E-01
   487   0.2212349E-01
   488   0.2204976E-01
   489   0.2197624E-01
   490   0.2190293E-01
   491   0.2182983E-01
   492   0.2175694E-01
   493   0.2168427E-01
   494   0.2161181E-01
   495   0.2153955E-01
   496   0.2146751E-01
   497   0.2139568E-01
   498   0.2132406E-01
   499   0.2125265E-01
   500   0.2118145E-01
   501   0.2111046E-01
   502   0.2103968E-01
   503   0.2096911E-01
   504   0.2089875E-01
   505   0.2082860E-01
   506   0.2075865E-01
   507   0.2068892E-01
   508   0.2061939E-01
   509   0.2055007E-01
   510   0.2048096E-01
   511   0.2041205E-01
   512   0.2034335E-01
   513   0.2027486E-01
   514   0.2020658E-01
   515   0.2013850E-01
   516   0.2007063E-01
   517   0.2000296E-01
   518   0.1993550E-01
   519   0.1986825E-01
   520   0.1980119E-01
   521   0.1973435E-01
   522   0.1966770E-01
   523   0.1960127E-01
   524   0.1953503E-01
   525   0.1946900E-01
   526   0.1940317E-01
   527   0.1933754E-01
   528   0.1927211E-01
   529   0.1920689E-01
   530   0.1914187E-01
   531   0.1907704E-01
   532   0.1901242E-01
   533   0.1894800E-01
   534   0.1888378E-01
   535   0.1881976E-01
   536   0.1875594E-01
   537   0.1869231E-01
   538   0.1862889E-01
   539   0.1856566E-01
   540   0.1850263E-01
   541   0.1843980E-01
   542   0.1837716E-01
   543   0.1831472E-01
   544   0.1825248E-01
   545   0.1819043E-01
   546   0.1812858E-01
   547   0.1806692E-01
   548   0.1800545E-01
   549   0.1794419E-01
   550   0.1788311E-01
   551   0.1782223E-01
   552   0.1776154E-01
   553   0.1770104E-01
   554   0.1764078E-01
   555   0.1758071E-01
   556   0.1752084E-01
   557   0.1746115E-01
   558   0.1740165E-01
   559   0.1734235E-01
   560   0.1728323E-01
   561   0.1722430E-01
   562   0.1716556E-01
   563   0.1710701E-01
   564   0.1704864E-01
   565   0.1699046E-01
   566   0.1693247E-01
   567   0.1687466E-01
   568   0.1681704E-01
   569   0.1675960E-01
   570   0.1670235E-01
   571   0.1664528E-01
   572   0.1658840E-01
   573   0.1653170E-01
   574   0.1647518E-01
   575   0.1641884E-01
   576   0.1636269E-01
   577   0.1630672E-01
   578   0.1625093E-01
   579   0.1619531E-01
   580   0.1613988E-01
   581   0.1608463E-01
   582   0.1602956E-01
   583   0.1597467E-01
   584   0.1591996E-01
   585   0.1586542E-01
   586   0.1581106E-01
   587   0.1575688E-01
   588   0.1570287E-01
   589   0.1564904E-01
   590   0.1559539E-01
   591   0.1554191E-01
   592   0.1548861E-01
   593   0.1543548E-01
   594   0.1538253E-01
   595   0.1532974E-01
   596   0.1527713E-01
   597   0.1522470E-01
   598   0.1517243E-01
   599   0.1512034E-01
   600   0.1506842E-01
   601   0.1501667E-01
   602   0.1496509E-01
   603   0.1491368E-01
   604   0.1486243E-01
   605   0.1481136E-01
   606   0.1476046E-01
   607   0.1470972E-01
   608   0.1465915E-01
   609   0.1460875E-01
   610   0.1455851E-01
   611   0.1450844E-01
   612   0.1445854E-01
   613   0.1440880E-01
   614   0.1435922E-01
   615   0.1430981E-01
   616   0.1426056E-01
   617   0.1421148E-01
   618   0.1416256E-01
   619   0.1411380E-01
   620   0.1406521E-01
   621   0.1401677E-01
   622   0.1396850E-01
   623   0.1392038E-01
   624   0.1387243E-01
   625   0.1382464E-01
   626   0.1377700E-01
   627   0.1372953E-01
   628   0.1368221E-01
   629   0.1363505E-01
   630   0.1358805E-01
   631   0.1354120E-01
   632   0.1349451E-01
   633   0.1344798E-01
   634   0.1340160E-01
   635   0.1335538E-01
   636   0.1330931E-01
   637   0.1326340E-01
   638   0.1321764E-01
   639   0.1317203E-01
   640   0.1312657E-01
   641   0.1308127E-01
   642   0.1303612E-01
   643   0.1299112E-01
   644   0.1294628E-01
   645   0.1290158E-01
   646   0.1285703E-01
   647   0.1281264E-01
   648   0.1276839E-01
   649   0.1272429E-01
   650   0.1268034E-01
   651   0.1263653E-01
   652   0.1259288E-01
   653   0.1254937E-01
   654   0.1250601E-01
   655   0.1246279E-01
   656   0.1241972E-01
   657   0.1237680E-01
   658   0.1233402E-01
   659   0.1229138E-01
   660   0.1224889E-01
   661   0.1220654E-01
   662   0.1216433E-01
   663   0.1212227E-01
   664   0.1208035E-01
   665   0.1203857E-01
   666   0.1199693E-01
   667   0.1195543E-01
   668   0.1191408E-01
   669   0.1187286E-01
   670   0.1183178E-01
   671   0.1179084E-01
   672   0.1175004E-01
   673   0.1170938E-01
   674   0.1166886E-01
   675   0.1162847E-01
   676   0.1158822E-01
   677   0.1154811E-01
   678   0.1150813E-01
   679   0.1146829E-01
   680   0.1142858E-01
   681   0.1138901E-01
   682   0.1134958E-01
   683   0.1131030E-01
   684   0.1127115E-01
   685   0.1123213E-01
   686   0.1119325E-01
   687   0.1115450E-01
   688   0.1111587E-01
   689   0.1107739E-01
   690   0.1103903E-01
   691   0.1100080E-01
   692   0.1096270E-01
   693   0.1092473E-01
   694   0.1088689E-01
   695   0.1084918E-01
   696   0.1081160E-01
   697   0.1077415E-01
   698   0.1073682E-01
   699   0.1069962E-01
   700   0.1066255E-01
   701   0.1062560E-01
   702   0.1058878E-01
   703   0.1055209E-01
   704   0.1051552E-01
   705   0.1047907E-01
   706   0.1044275E-01
   707   0.1040655E-01
   708   0.1037048E-01
   709   0.1033453E-01
   710   0.1029870E-01
   711   0.1026300E-01
   712   0.1022742E-01
   713   0.1019195E-01
   714   0.1015661E-01
   715   0.1012139E-01
   716   0.1008630E-01
   717   0.1005132E-01
   718   0.1001646E-01
   719   0.9981717E-02
   720   0.9947096E-02
   721   0.9912593E-02
   722   0.9878208E-02
   723   0.9843941E-02
   724   0.9809792E-02
   725   0.9775759E-02
   726   0.9741843E-02
   727   0.9708043E-02
   728   0.9674358E-02
   729   0.9640789E-02
   730   0.9607336E-02
   731   0.9573996E-02
   732   0.9540772E-02
   733   0.9507661E-02
   734   0.9474663E-02
   735   0.9441779E-02
   736   0.9409007E-02
   737   0.9376348E-02
   738   0.9343801E-02
   739   0.9311366E-02
   740   0.9279042E-02
   741   0.9246829E-02
   742   0.9214727E-02
   743   0.9182734E-02
   744   0.9150852E-02
   745   0.9119079E-02
   746   0.9087416E-02
   747   0.9055861E-02
   748   0.9024414E-02
   749   0.8993076E-02
   750   0.8961845E-02
   751   0.8930722E-02
   752   0.8899705E-02
   753   0.8868796E-02
   754   0.8837992E-02
   755   0.8807295E-02
   756   0.8776703E-02
   757   0.8746216E-02
   758   0.8715834E-02
   759   0.8685557E-02
   760   0.8655384E-02
   761   0.8625315E-02
   762   0.8595349E-02
   763   0.8565486E-02
   764   0.8535727E-02
   765   0.8506069E-02
   766   0.8476514E-02
   767   0.8447061E-02
   768   0.8417709E-02
   769   0.8388458E-02
   770   0.8359308E-02
   771   0.8330258E-02
   772   0.8301309E-02
   773   0.8272459E-02
   774   0.8243709E-02
   775   0.8215058E-02
   776   0.8186505E-02
   777   0.8158051E-02
   778   0.8129695E-02
   779   0.8101437E-02
   780   0.8073277E-02
   781   0.8045213E-02
   782   0.8017246E-02
   783   0.7989376E-02
   784   0.7961602E-02
   785   0.7933924E-02
   786   0.7906341E-02
   787   0.7878854E-02
   788   0.7851461E-02
   789   0.7824175E-02
   790   0.7796985E-02
   791   0.7769888E-02
   792   0.7742886E-02
   793   0.7715976E-02
   794   0.7689159E-02
   795   0.7662435E-02
   796   0.7635803E-02
   797   0.7609263E-02
   798   0.7582815E-02
   799   0.7556458E-02
   800   0.7530192E-02
   801   0.7504017E-02
   802   0.7477932E-02
   803   0.7451937E-02
   804   0.7426032E-02
   805   0.7400216E-02
   806   0.7374490E-02
   807   0.7348852E-02
   808   0.7323303E-02
   809   0.7297843E-02
   810   0.7272470E-02
   811   0.7247185E-02
   812   0.7221987E-02
   813   0.7196877E-02
   814   0.7171853E-02
   815   0.7146916E-02
   816   0.7122065E-02
   817   0.7097299E-02
   818   0.7072620E-02
   819   0.7048026E-02
   820   0.7023516E-02
   821   0.6999092E-02
   822   0.6974752E-02
   823   0.6950496E-02
   824   0.6926324E-02
   825   0.6902236E-02
   826   0.6878231E-02
   827   0.6854309E-02
   828   0.6830470E-02
   829   0.6806713E-02
   830   0.6783039E-02
   831   0.6759446E-02
   832   0.6735935E-02
   833   0.6712506E-02
   834   0.6689157E-02
   835   0.6665890E-02
   836   0.6642703E-02
   837   0.6619596E-02
   838   0.6596569E-02
   839   0.6573622E-02
   840   0.6550754E-02
   841   0.6527965E-02
   842   0.6505256E-02
   843   0.6482625E-02
   844   0.6460072E-02
   845   0.6437597E-02
   846   0.6415201E-02
   847   0.6392882E-02
   848   0.6370640E-02
   849   0.6348475E-02
   850   0.6326387E-02
   851   0.6304375E-02
   852   0.6282440E-02
   853   0.6260581E-02
   854   0.6238797E-02
   855   0.6217089E-02
   856   0.6195456E-02
   857   0.6173898E-02
   858   0.6152415E-02
   859   0.6131006E-02
   860   0.6109672E-02
   861   0.6088411E-02
   862   0.6067224E-02
   863   0.6046111E-02
   864   0.6025070E-02
   865   0.6004103E-02
   866   0.5983208E-02
   867   0.5962386E-02
   868   0.5941636E-02
   869   0.5920958E-02
   870   0.5900351E-02
   871   0.5879816E-02
   872   0.5859352E-02
   873   0.5838959E-02
   874   0.5818637E-02
   875   0.5798386E-02
   876   0.5778204E-02
   877   0.5758093E-02
   878   0.5738051E-02
   879   0.5718079E-02
   880   0.5698176E-02
   881   0.5678342E-02
   882   0.5658577E-02
   883   0.5638880E-02
   884   0.5619252E-02
   885   0.5599692E-02
   886   0.5580200E-02
   887   0.5560775E-02
   888   0.5541418E-02
   889   0.5522128E-02
   890   0.5502904E-02
   891   0.5483748E-02
   892   0.5464658E-02
   893   0.5445634E-02
   894   0.5426676E-02
   895   0.5407784E-02
   896   0.5388958E-02
   897   0.5370197E-02
   898   0.5351501E-02
   899   0.5332870E-02
   900   0.5314304E-02
   901   0.5295802E-02
   902   0.5277364E-02
   903   0.5258990E-02
   904   0.5240680E-02
   905   0.5222434E-02
   906   0.5204251E-02
   907   0.5186131E-02
   908   0.5168074E-02
   909   0.5150080E-02
   910   0.5132148E-02
   911   0.5114278E-02
   912   0.5096471E-02
   913   0.5078725E-02
   914   0.5061041E-02
   915   0.5043418E-02
   916   0.5025857E-02
   917   0.5008356E-02
   918   0.4990917E-02
   919   0.4973538E-02
   920   0.4956219E-02
   921   0.4938960E-02
   922   0.4921761E-02
   923   0.4904622E-02
   924   0.4887543E-02
   925   0.4870523E-02
   926   0.4853562E-02
   927   0.4836660E-02
   928   0.4819816E-02
   929   0.4803031E-02
   930   0.4786305E-02
   931   0.4769636E-02
   932   0.4753026E-02
   933   0.4736473E-02
   934   0.4719978E-02
   935   0.4703540E-02
   936   0.4687159E-02
   937   0.4670835E-02
   938   0.4654567E-02
   939   0.4638357E-02
   940   0.4622202E-02
   941   0.4606104E-02
   942   0.4590062E-02
   943   0.4574075E-02
   944   0.4558144E-02
   945   0.4542268E-02
   946   0.4526448E-02
   947   0.4510682E-02
   948   0.4494971E-02
   949   0.4479315E-02
   950   0.4463713E-02
   951   0.4448166E-02
   952   0.4432672E-02
   953   0.4417233E-02
   954   0.4401847E-02
   955   0.4386514E-02
   956   0.4371235E-02
   957   0.4356009E-02
   958   0.4340836E-02
   959   0.4325715E-02
   960   0.4310647E-02
   961   0.4295632E-02
   962   0.4280669E-02
   963   0.4265757E-02
   964   0.4250898E-02
   965   0.4236090E-02
   966   0.4221337E-02
   967   0.4206636E-02
   968   0.4191986E-02
   969   0.4177387E-02
   970   0.4162838E-02
   971   0.4148340E-02
   972   0.4133893E-02
   973   0.4119495E-02
   974   0.4105148E-02
   975   0.4090851E-02
   976   0.4076603E-02
   977   0.4062405E-02
   978   0.4048256E-02
   979   0.4034156E-02
   980   0.4020105E-02
   981   0.4006104E-02
   982   0.3992150E-02
   983   0.3978246E-02
   984   0.3964389E-02
   985   0.3950581E-02
   986   0.3936821E-02
   987   0.3923109E-02
   988   0.3909444E-02
   989   0.3895827E-02
   990   0.3882257E-02
   991   0.3868735E-02
   992   0.3855259E-02
   993   0.3841830E-02
   994   0.3828448E-02
   995   0.3815113E-02
   996   0.3801824E-02
   997   0.3788581E-02
   998   0.3775384E-02
   999   0.3762233E-02
  1000   0.3749127E-02
  1001   0.3736068E-02
  1002   0.3723053E-02
  1003   0.3710084E-02
  1004   0.3697160E-02
  1005   0.3684281E-02
  1006   0.3671447E-02
  1007   0.3658657E-02
  1008   0.3645912E-02
  1009   0.3633211E-02
  1010   0.3620555E-02
  1011   0.3607942E-02
  1012   0.3595373E-02
  1013   0.3582848E-02
  1014   0.3570367E-02
  1015   0.3557929E-02
  1016   0.3545534E-02
  1017   0.3533182E-02
  1018   0.3520873E-02
  1019   0.3508607E-02
  1020   0.3496384E-02
  1021   0.3484203E-02
  1022   0.3472065E-02
  1023   0.3459969E-02
  1024   0.3447915E-02
  1025   0.3435902E-02
  1026   0.3423932E-02
  1027   0.3412003E-02
  1028   0.3400116E-02
  1029   0.3388270E-02
  1030   0.3376465E-02
  1031   0.3364702E-02
  1032   0.3352979E-02
  1033   0.3341297E-02
  1034   0.3329656E-02
  1035   0.3318055E-02
  1036   0.3306494E-02
  1037   0.3294974E-02
  1038   0.3283494E-02
  1039   0.3272054E-02
  1040   0.3260653E-02
  1041   0.3249292E-02
  1042   0.3237971E-02
  1043   0.3226689E-02
  1044   0.3215447E-02
  1045   0.3204243E-02
  1046   0.3193079E-02
  1047   0.3181953E-02
  1048   0.3170866E-02
  1049   0.3159818E-02
  1050   0.3148808E-02
  1051   0.3137836E-02
  1052   0.3126903E-02
  1053   0.3116007E-02
  1054   0.3105150E-02
  1055   0.3094330E-02
  1056   0.3083548E-02
  1057   0.3072804E-02
  1058   0.3062096E-02
  1059   0.3051426E-02
  1060   0.3040794E-02
  1061   0.3030198E-02
  1062   0.3019639E-02
  1063   0.3009117E-02
  1064   0.2998631E-02
  1065   0.2988182E-02
  1066   0.2977769E-02
  1067   0.2967393E-02
  1068   0.2957053E-02
  1069   0.2946748E-02
  1070   0.2936480E-02
  1071   0.2926247E-02
  1072   0.2916050E-02
  1073   0.2905888E-02
  1074   0.2895762E-02
  1075   0.2885671E-02
  1076   0.2875615E-02
  1077   0.2865594E-02
  1078   0.2855608E-02
  1079   0.2845656E-02
  1080   0.2835740E-02
  1081   0.2825858E-02
  1082   0.2816010E-02
  1083   0.2806196E-02
  1084   0.2796417E-02
  1085   0.2786672E-02
  1086   0.2776960E-02
  1087   0.2767283E-02
  1088   0.2757639E-02
  1089   0.2748030E-02
  1090   0.2738456E-02
  1091   0.2728916E-02
  1092   0.2719408E-02
  1093   0.2709934E-02
  1094   0.2700493E-02
  1095   0.2691084E-02
  1096   0.2681708E-02
  1097   0.2672365E-02
  1098   0.2663055E-02
  1099   0.2653776E-02
  1100   0.2644530E-02
  1101   0.2635317E-02
  1102   0.2626135E-02
  1103   0.2616985E-02
  1104   0.2607867E-02
  1105   0.2598781E-02
  1106   0.2589726E-02
  1107   0.2580703E-02
  1108   0.2571712E-02
  1109   0.2562751E-02
  1110   0.2553822E-02
  1111   0.2544924E-02
  1112   0.2536057E-02
  1113   0.2527220E-02
  1114   0.2518415E-02
  1115   0.2509640E-02
  1116   0.2500896E-02
  1117   0.2492182E-02
  1118   0.2483498E-02
  1119   0.2474844E-02
  1120   0.2466221E-02
  1121   0.2457628E-02
  1122   0.2449064E-02
  1123   0.2440531E-02
  1124   0.2432027E-02
  1125   0.2423553E-02
  1126   0.2415108E-02
  1127   0.2406692E-02
  1128   0.2398306E-02
  1129   0.2389949E-02
  1130   0.2381621E-02
  1131   0.2373322E-02
  1132   0.2365052E-02
  1133   0.2356811E-02
  1134   0.2348599E-02
  1135   0.2340415E-02
  1136   0.2332259E-02
  1137   0.2324132E-02
  1138   0.2316033E-02
  1139   0.2307963E-02
  1140   0.2299920E-02
  1141   0.2291906E-02
  1142   0.2283919E-02
  1143   0.2275960E-02
  1144   0.2268029E-02
  1145   0.2260126E-02
  1146   0.2252249E-02
  1147   0.2244401E-02
  1148   0.2236580E-02
  1149   0.2228785E-02
  1150   0.2221019E-02
  1151   0.2213279E-02
  1152   0.2205566E-02
  1153   0.2197880E-02
  1154   0.2190220E-02
  1155   0.2182587E-02
  1156   0.2174981E-02
  1157   0.2167402E-02
  1158   0.2159848E-02
  1159   0.2152321E-02
  1160   0.2144821E-02
  1161   0.2137346E-02
  1162   0.2129897E-02
  1163   0.2122475E-02
  1164   0.2115078E-02
  1165   0.2107707E-02
  1166   0.2100361E-02
  1167   0.2093041E-02
  1168   0.2085747E-02
  1169   0.2078478E-02
  1170   0.2071234E-02
  1171   0.2064016E-02
  1172   0.2056822E-02
  1173   0.2049654E-02
  1174   0.2042510E-02
  1175   0.2035392E-02
  1176   0.2028298E-02
  1177   0.2021229E-02
  1178   0.2014185E-02
  1179   0.2007165E-02
  1180   0.2000169E-02
  1181   0.1993198E-02
  1182   0.1986252E-02
  1183   0.1979329E-02
  1184   0.1972430E-02
  1185   0.1965556E-02
  1186   0.1958705E-02
  1187   0.1951878E-02
  1188   0.1945076E-02
  1189   0.1938296E-02
  1190   0.1931541E-02
  1191   0.1924808E-02
  1192   0.1918100E-02
  1193   0.1911414E-02
  1194   0.1904752E-02
  1195   0.1898113E-02
  1196   0.1891498E-02
  1197   0.1884905E-02
  1198   0.1878335E-02
  1199   0.1871788E-02
  1200   0.1865264E-02
  1201   0.1858763E-02
  1202   0.1852284E-02
  1203   0.1845828E-02
  1204   0.1839394E-02
  1205   0.1832983E-02
  1206   0.1826594E-02
  1207   0.1820227E-02
  1208   0.1813882E-02
  1209   0.1807560E-02
  1210   0.1801259E-02
  1211   0.1794981E-02
  1212   0.1788724E-02
  1213   0.1782489E-02
  1214   0.1776276E-02
  1215   0.1770085E-02
  1216   0.1763915E-02
  1217   0.1757766E-02
  1218   0.1751639E-02
  1219   0.1745533E-02
  1220   0.1739449E-02
  1221   0.1733386E-02
  1222   0.1727343E-02
  1223   0.1721322E-02
  1224   0.1715322E-02
  1225   0.1709343E-02
  1226   0.1703384E-02
  1227   0.1697447E-02
  1228   0.1691530E-02
  1229   0.1685633E-02
  1230   0.1679757E-02
  1231   0.1673902E-02
  1232   0.1668067E-02
  1233   0.1662252E-02
  1234   0.1656458E-02
  1235   0.1650684E-02
  1236   0.1644929E-02
  1237   0.1639195E-02
  1238   0.1633481E-02
  1239   0.1627787E-02
  1240   0.1622112E-02
  1241   0.1616458E-02
  1242   0.1610823E-02
  1243   0.1605207E-02
  1244   0.1599612E-02
  1245   0.1594035E-02
  1246   0.1588479E-02
  1247   0.1582941E-02
  1248   0.1577423E-02
  1249   0.1571924E-02
  1250   0.1566444E-02
  1251   0.1560983E-02
  1252   0.1555541E-02
  1253   0.1550119E-02
  1254   0.1544715E-02
  1255   0.1539330E-02
  1256   0.1533963E-02
  1257   0.1528616E-02
  1258   0.1523287E-02
  1259   0.1517976E-02
  1260   0.1512684E-02
  1261   0.1507411E-02
  1262   0.1502155E-02
  1263   0.1496919E-02
  1264   0.1491700E-02
  1265   0.1486500E-02
  1266   0.1481317E-02
  1267   0.1476153E-02
  1268   0.1471007E-02
  1269   0.1465878E-02
  1270   0.1460768E-02
  1271   0.1455675E-02
  1272   0.1450600E-02
  1273   0.1445543E-02
  1274   0.1440503E-02
  1275   0.1435481E-02
  1276   0.1430477E-02
  1277   0.1425489E-02
  1278   0.1420520E-02
  1279   0.1415567E-02
  1280   0.1410632E-02
  1281   0.1405714E-02
  1282   0.1400813E-02
  1283   0.1395929E-02
  1284   0.1391062E-02
  1285   0.1386212E-02
  1286   0.1381379E-02
  1287   0.1376563E-02
  1288   0.1371764E-02
  1289   0.1366981E-02
  1290   0.1362215E-02
  1291   0.1357466E-02
  1292   0.1352733E-02
  1293   0.1348017E-02
  1294   0.1343317E-02
  1295   0.1338633E-02
  1296   0.1333966E-02
  1297   0.1329315E-02
  1298   0.1324680E-02
  1299   0.1320061E-02
  1300   0.1315459E-02
  1301   0.1310872E-02
  1302   0.1306302E-02
  1303   0.1301747E-02
  1304   0.1297208E-02
  1305   0.1292686E-02
  1306   0.1288178E-02
  1307   0.1283687E-02
  1308   0.1279211E-02
  1309   0.1274751E-02
  1310   0.1270306E-02
  1311   0.1265877E-02
  1312   0.1261463E-02
  1313   0.1257065E-02
  1314   0.1252682E-02
  1315   0.1248314E-02
  1316   0.1243961E-02
  1317   0.1239624E-02
  1318   0.1235302E-02
  1319   0.1230994E-02
  1320   0.1226702E-02
  1321   0.1222425E-02
  1322   0.1218163E-02
  1323   0.1213915E-02
  1324   0.1209682E-02
  1325   0.1205464E-02
  1326   0.1201261E-02
  1327   0.1197072E-02
  1328   0.1192898E-02
  1329   0.1188739E-02
  1330   0.1184594E-02
  1331   0.1180463E-02
  1332   0.1176347E-02
  1333   0.1172245E-02
  1334   0.1168158E-02
  1335   0.1164084E-02
  1336   0.1160025E-02
  1337   0.1155980E-02
  1338   0.1151949E-02
  1339   0.1147933E-02
  1340   0.1143930E-02
  1341   0.1139941E-02
  1342   0.1135966E-02
  1343   0.1132005E-02
  1344   0.1128057E-02
  1345   0.1124124E-02
  1346   0.1120204E-02
  1347   0.1116298E-02
  1348   0.1112405E-02
  1349   0.1108526E-02
  1350   0.1104661E-02
  1351   0.1100808E-02
  1352   0.1096970E-02
  1353   0.1093145E-02
  1354   0.1089333E-02
  1355   0.1085534E-02
  1356   0.1081749E-02
  1357   0.1077976E-02
  1358   0.1074217E-02
  1359   0.1070471E-02
  1360   0.1066738E-02
  1361   0.1063019E-02
  1362   0.1059312E-02
  1363   0.1055618E-02
  1364   0.1051936E-02
  1365   0.1048268E-02
  1366   0.1044612E-02
  1367   0.1040970E-02
  1368   0.1037340E-02
  1369   0.1033722E-02
  1370   0.1030117E-02
  1371   0.1026525E-02
  1372   0.1022945E-02
  1373   0.1019378E-02
  1374   0.1015823E-02
  1375   0.1012281E-02
  1376   0.1008750E-02
  1377   0.1005233E-02
  1378   0.1001727E-02
  1379   0.9982336E-03
  1380   0.9947524E-03
  1381   0.9912833E-03
  1382   0.9878264E-03
  1383   0.9843815E-03
  1384   0.9809485E-03
  1385   0.9775276E-03
  1386   0.9741186E-03
  1387   0.9707214E-03
  1388   0.9673361E-03
  1389   0.9639626E-03
  1390   0.9606009E-03
  1391   0.9572508E-03
  1392   0.9539125E-03
  1393   0.9505857E-03
  1394   0.9472706E-03
  1395   0.9439670E-03
  1396   0.9406749E-03
  1397   0.9373944E-03
  1398   0.9341252E-03
  1399   0.9308674E-03
  1400   0.9276210E-03
  1401   0.9243859E-03
  1402   0.9211621E-03
  1403   0.9179495E-03
  1404   0.9147481E-03
  1405   0.9115579E-03
  1406   0.9083788E-03
  1407   0.9052107E-03
  1408   0.9020537E-03
  1409   0.8989078E-03
  1410   0.8957727E-03
  1411   0.8926486E-03
  1412   0.8895354E-03
  1413   0.8864331E-03
  1414   0.8833415E-03
  1415   0.8802607E-03
  1416   0.8771907E-03
  1417   0.8741314E-03
  1418   0.8710827E-03
  1419   0.8680447E-03
  1420   0.8650172E-03
  1421   0.8620003E-03
  1422   0.8589939E-03
  1423   0.8559980E-03
  1424   0.8530125E-03
  1425   0.8500375E-03
  1426   0.8470728E-03
  1427   0.8441184E-03
  1428   0.8411743E-03
  1429   0.8382405E-03
  1430   0.8353170E-03
  1431   0.8324036E-03
  1432   0.8295004E-03
  1433   0.8266073E-03
  1434   0.8237242E-03
  1435   0.8208513E-03
  1436   0.8179883E-03
  1437   0.8151353E-03
  1438   0.8122923E-03
  1439   0.8094591E-03
  1440   0.8066359E-03
  1441   0.8038225E-03
  1442   0.8010189E-03
  1443   0.7982250E-03
  1444   0.7954409E-03
  1445   0.7926665E-03
  1446   0.7899018E-03
  1447   0.7871467E-03
  1448   0.7844013E-03
  1449   0.7816654E-03
  1450   0.7789390E-03
  1451   0.7762221E-03
  1452   0.7735147E-03
  1453   0.7708168E-03
  1454   0.7681282E-03
  1455   0.7654490E-03
  1456   0.7627792E-03
  1457   0.7601186E-03
  1458   0.7574674E-03
  1459   0.7548253E-03
  1460   0.7521925E-03
  1461   0.7495689E-03
  1462   0.7469544E-03
  1463   0.7443490E-03
  1464   0.7417527E-03
  1465   0.7391655E-03
  1466   0.7365873E-03
  1467   0.7340180E-03
  1468   0.7314578E-03
  1469   0.7289064E-03
  1470   0.7263640E-03
  1471   0.7238304E-03
  1472   0.7213056E-03
  1473   0.7187896E-03
  1474   0.7162824E-03
  1475   0.7137840E-03
  1476   0.7112942E-03
  1477   0.7088132E-03
  1478   0.7063408E-03
  1479   0.7038770E-03
  1480   0.7014218E-03
  1481   0.6989751E-03
  1482   0.6965370E-03
  1483   0.6941074E-03
  1484   0.6916862E-03
  1485   0.6892735E-03
  1486   0.6868692E-03
  1487   0.6844733E-03
  1488   0.6820858E-03
  1489   0.6797065E-03
  1490   0.6773356E-03
  1491   0.6749729E-03
  1492   0.6726185E-03
  1493   0.6702722E-03
  1494   0.6679342E-03
  1495   0.6656043E-03
  1496   0.6632825E-03
  1497   0.6609688E-03
  1498   0.6586632E-03
  1499   0.6563656E-03
  1500   0.6540760E-03
  1501   0.6517944E-03
  1502   0.6495208E-03
  1503   0.6472551E-03
  1504   0.6449973E-03
  1505   0.6427474E-03
  1506   0.6405053E-03
  1507   0.6382710E-03
  1508   0.6360445E-03
  1509   0.6338258E-03
  1510   0.6316148E-03
  1511   0.6294115E-03
  1512   0.6272159E-03
  1513   0.6250280E-03
  1514   0.6228477E-03
  1515   0.6206750E-03
  1516   0.6185098E-03
  1517   0.6163522E-03
  1518   0.6142022E-03
  1519   0.6120596E-03
  1520   0.6099245E-03
  1521   0.6077968E-03
  1522   0.6056766E-03
  1523   0.6035637E-03
  1524   0.6014583E-03
  1525   0.5993601E-03
  1526   0.5972693E-03
  1527   0.5951858E-03
  1528   0.5931095E-03
  1529   0.5910405E-03
  1530   0.5889787E-03
  1531   0.5869240E-03
  1532   0.5848766E-03
  1533   0.5828362E-03
  1534   0.5808030E-03
  1535   0.5787769E-03
  1536   0.5767579E-03
  1537   0.5747458E-03
  1538   0.5727408E-03
  1539   0.5707428E-03
  1540   0.5687518E-03
  1541   0.5667677E-03
  1542   0.5647905E-03
  1543   0.5628202E-03
  1544   0.5608568E-03
  1545   0.5589002E-03
  1546   0.5569505E-03
  1547   0.5550075E-03
  1548   0.5530713E-03
  1549   0.5511419E-03
  1550   0.5492192E-03
  1551   0.5473032E-03
  1552   0.5453939E-03
  1553   0.5434912E-03
  1554   0.5415952E-03
  1555   0.5397058E-03
  1556   0.5378230E-03
  1557   0.5359467E-03
  1558   0.5340770E-03
  1559   0.5322138E-03
  1560   0.5303571E-03
  1561   0.5285069E-03
  1562   0.5266631E-03
  1563   0.5248258E-03
  1564   0.5229948E-03
  1565   0.5211703E-03
  1566   0.5193521E-03
  1567   0.5175402E-03
  1568   0.5157347E-03
  1569   0.5139355E-03
  1570   0.5121425E-03
  1571   0.5103558E-03
  1572   0.5085753E-03
  1573   0.5068010E-03
  1574   0.5050329E-03
  1575   0.5032710E-03
  1576   0.5015152E-03
  1577   0.4997656E-03
  1578   0.4980220E-03
  1579   0.4962846E-03
  1580   0.4945531E-03
  1581   0.4928278E-03
  1582   0.4911084E-03
  1583   0.4893950E-03
  1584   0.4876877E-03
  1585   0.4859862E-03
  1586   0.4842907E-03
  1587   0.4826011E-03
  1588   0.4809174E-03
  1589   0.4792396E-03
  1590   0.4775676E-03
  1591   0.4759015E-03
  1592   0.4742411E-03
  1593   0.4725866E-03
  1594   0.4709378E-03
  1595   0.4692948E-03
  1596   0.4676575E-03
  1597   0.4660259E-03
  1598   0.4644000E-03
  1599   0.4627798E-03
  1600   0.4611652E-03
  1601   0.4595563E-03
  1602   0.4579529E-03
  1603   0.4563552E-03
  1604   0.4547630E-03
  1605   0.4531764E-03
  1606   0.4515953E-03
  1607   0.4500197E-03
  1608   0.4484497E-03
  1609   0.4468851E-03
  1610   0.4453259E-03
  1611   0.4437722E-03
  1612   0.4422239E-03
  1613   0.4406810E-03
  1614   0.4391435E-03
  1615   0.4376114E-03
  1616   0.4360846E-03
  1617   0.4345631E-03
  1618   0.4330469E-03
  1619   0.4315360E-03
  1620   0.4300304E-03
  1621   0.4285300E-03
  1622   0.4270349E-03
  1623   0.4255450E-03
  1624   0.4240602E-03
  1625   0.4225807E-03
  1626   0.4211063E-03
  1627   0.4196371E-03
  1628   0.4181729E-03
  1629   0.4167139E-03
  1630   0.4152600E-03
  1631   0.4138112E-03
  1632   0.4123673E-03
  1633   0.4109286E-03
  1634   0.4094948E-03
  1635   0.4080661E-03
  1636   0.4066423E-03
  1637   0.4052235E-03
  1638   0.4038097E-03
  1639   0.4024007E-03
  1640   0.4009967E-03
  1641   0.3995976E-03
  1642   0.3982034E-03
  1643   0.3968140E-03
  1644   0.3954295E-03
  1645   0.3940498E-03
  1646   0.3926749E-03
  1647   0.3913048E-03
  1648   0.3899395E-03
  1649   0.3885790E-03
  1650   0.3872232E-03
  1651   0.3858722E-03
  1652   0.3845259E-03
  1653   0.3831844E-03
  1654   0.3818476E-03
  1655   0.3805154E-03
  1656   0.3791878E-03
  1657   0.3778649E-03
  1658   0.3765466E-03
  1659   0.3752329E-03
  1660   0.3739238E-03
  1661   0.3726192E-03
  1662   0.3713192E-03
  1663   0.3700237E-03
  1664   0.3687328E-03
  1665   0.3674463E-03
  1666   0.3661643E-03
  1667   0.3648868E-03
  1668   0.3636138E-03
  1669   0.3623452E-03
  1670   0.3610810E-03
  1671   0.3598212E-03
  1672   0.3585658E-03
  1673   0.3573148E-03
  1674   0.3560682E-03
  1675   0.3548259E-03
  1676   0.3535879E-03
  1677   0.3523543E-03
  1678   0.3511250E-03
  1679   0.3498999E-03
  1680   0.3486791E-03
  1681   0.3474626E-03
  1682   0.3462503E-03
  1683   0.3450423E-03
  1684   0.3438384E-03
  1685   0.3426388E-03
  1686   0.3414433E-03
  1687   0.3402520E-03
  1688   0.3390649E-03
  1689   0.3378819E-03
  1690   0.3367030E-03
  1691   0.3355283E-03
  1692   0.3343576E-03
  1693   0.3331910E-03
  1694   0.3320285E-03
  1695   0.3308701E-03
  1696   0.3297157E-03
  1697   0.3285653E-03
  1698   0.3274189E-03
  1699   0.3262765E-03
  1700   0.3251381E-03
  1701   0.3240037E-03
  1702   0.3228732E-03
  1703   0.3217467E-03
  1704   0.3206241E-03
  1705   0.3195054E-03
  1706   0.3183906E-03
  1707   0.3172797E-03
  1708   0.3161727E-03
  1709   0.3150696E-03
  1710   0.3139703E-03
  1711   0.3128748E-03
  1712   0.3117831E-03
  1713   0.3106953E-03
  1714   0.3096112E-03
  1715   0.3085310E-03
  1716   0.3074544E-03
  1717   0.3063817E-03
  1718   0.3053127E-03
  1719   0.3042474E-03
  1720   0.3031858E-03
  1721   0.3021280E-03
  1722   0.3010738E-03
  1723   0.3000233E-03
  1724   0.2989765E-03
  1725   0.2979333E-03
  1726   0.2968937E-03
  1727   0.2958578E-03
  1728   0.2948255E-03
  1729   0.2937968E-03
  1730   0.2927717E-03
  1731   0.2917502E-03
  1732   0.2907322E-03
  1733   0.2897177E-03
  1734   0.2887069E-03
  1735   0.2876995E-03
  1736   0.2866956E-03
  1737   0.2856953E-03
  1738   0.2846984E-03
  1739   0.2837051E-03
  1740   0.2827151E-03
  1741   0.2817287E-03
  1742   0.2807456E-03
  1743   0.2797660E-03
  1744   0.2787899E-03
  1745   0.2778171E-03
  1746   0.2768477E-03
  1747   0.2758817E-03
  1748   0.2749191E-03
  1749   0.2739598E-03
  1750   0.2730039E-03
  1751   0.2720513E-03
  1752   0.2711020E-03
  1753   0.2701561E-03
  1754   0.2692134E-03
  1755   0.2682740E-03
  1756   0.2673379E-03
  1757   0.2664051E-03
  1758   0.2654755E-03
  1759   0.2645492E-03
  1760   0.2636261E-03
  1761   0.2627062E-03
  1762   0.2617895E-03
  1763   0.2608760E-03
  1764   0.2599657E-03
  1765   0.2590586E-03
  1766   0.2581547E-03
  1767   0.2572539E-03
  1768   0.2563562E-03
  1769   0.2554617E-03
  1770   0.2545703E-03
  1771   0.2536820E-03
  1772   0.2527968E-03
  1773   0.2519147E-03
  1774   0.2510356E-03
  1775   0.2501597E-03
  1776   0.2492868E-03
  1777   0.2484169E-03
  1778   0.2475501E-03
  1779   0.2466863E-03
  1780   0.2458255E-03
  1781   0.2449677E-03
  1782   0.2441129E-03
  1783   0.2432610E-03
  1784   0.2424122E-03
  1785   0.2415663E-03
  1786   0.2407234E-03
  1787   0.2398834E-03
  1788   0.2390463E-03
  1789   0.2382122E-03
  1790   0.2373809E-03
  1791   0.2365526E-03
  1792   0.2357271E-03
  1793   0.2349046E-03
  1794   0.2340849E-03
  1795   0.2332680E-03
  1796   0.2324540E-03
  1797   0.2316429E-03
  1798   0.2308346E-03
  1799   0.2300291E-03
  1800   0.2292264E-03
  1801   0.2284265E-03
  1802   0.2276294E-03
  1803   0.2268351E-03
  1804   0.2260435E-03
  1805   0.2252547E-03
  1806   0.2244687E-03
  1807   0.2236854E-03
  1808   0.2229048E-03
  1809   0.2221270E-03
  1810   0.2213519E-03
  1811   0.2205794E-03
  1812   0.2198097E-03
  1813   0.2190427E-03
  1814   0.2182783E-03
  1815   0.2175166E-03
  1816   0.2167575E-03
  1817   0.2160012E-03
  1818   0.2152474E-03
  1819   0.2144963E-03
  1820   0.2137478E-03
  1821   0.2130019E-03
  1822   0.2122586E-03
  1823   0.2115179E-03
  1824   0.2107797E-03
  1825   0.2100442E-03
  1826   0.2093112E-03
  1827   0.2085808E-03
  1828   0.2078529E-03
  1829   0.2071276E-03
  1830   0.2064048E-03
  1831   0.2056845E-03
  1832   0.2049667E-03
  1833   0.2042515E-03
  1834   0.2035387E-03
  1835   0.2028284E-03
  1836   0.2021206E-03
  1837   0.2014153E-03
  1838   0.2007124E-03
  1839   0.2000120E-03
  1840   0.1993140E-03
  1841   0.1986185E-03
  1842   0.1979253E-03
  1843   0.1972346E-03
  1844   0.1965464E-03
  1845   0.1958605E-03
  1846   0.1951770E-03
  1847   0.1944959E-03
  1848   0.1938171E-03
  1849   0.1931408E-03
  1850   0.1924667E-03
  1851   0.1917951E-03
  1852   0.1911258E-03
  1853   0.1904588E-03
  1854   0.1897941E-03
  1855   0.1891318E-03
  1856   0.1884718E-03
  1857   0.1878141E-03
  1858   0.1871586E-03
  1859   0.1865055E-03
  1860   0.1858546E-03
  1861   0.1852060E-03
  1862   0.1845597E-03
  1863   0.1839156E-03
  1864   0.1832738E-03
  1865   0.1826342E-03
  1866   0.1819969E-03
  1867   0.1813617E-03
  1868   0.1807288E-03
  1869   0.1800981E-03
  1870   0.1794696E-03
  1871   0.1788433E-03
  1872   0.1782192E-03
  1873   0.1775972E-03
  1874   0.1769774E-03
  1875   0.1763598E-03
  1876   0.1757443E-03
  1877   0.1751310E-03
  1878   0.1745199E-03
  1879   0.1739108E-03
  1880   0.1733039E-03
  1881   0.1726991E-03
  1882   0.1720964E-03
  1883   0.1714958E-03
  1884   0.1708973E-03
  1885   0.1703009E-03
  1886   0.1697066E-03
  1887   0.1691143E-03
  1888   0.1685241E-03
  1889   0.1679360E-03
  1890   0.1673499E-03
  1891   0.1667659E-03
  1892   0.1661839E-03
  1893   0.1656039E-03
  1894   0.1650260E-03
  1895   0.1644501E-03
  1896   0.1638762E-03
  1897   0.1633042E-03
  1898   0.1627343E-03
  1899   0.1621664E-03
  1900   0.1616005E-03
  1901   0.1610365E-03
  1902   0.1604745E-03
  1903   0.1599144E-03
  1904   0.1593563E-03
  1905   0.1588002E-03
  1906   0.1582460E-03
  1907   0.1576937E-03
  1908   0.1571434E-03
  1909   0.1565950E-03
  1910   0.1560485E-03
  1911   0.1555039E-03
  1912   0.1549612E-03
  1913   0.1544203E-03
  1914   0.1538814E-03
  1915   0.1533444E-03
  1916   0.1528092E-03
  1917   0.1522759E-03
  1918   0.1517445E-03
  1919   0.1512149E-03
  1920   0.1506872E-03
  1921   0.1501613E-03
  1922   0.1496372E-03
  1923   0.1491150E-03
  1924   0.1485945E-03
  1925   0.1480760E-03
  1926   0.1475592E-03
  1927   0.1470442E-03
  1928   0.1465310E-03
  1929   0.1460196E-03
  1930   0.1455100E-03
  1931   0.1450022E-03
  1932   0.1444961E-03
  1933   0.1439918E-03
  1934   0.1434893E-03
  1935   0.1429885E-03
  1936   0.1424895E-03
  1937   0.1419922E-03
  1938   0.1414966E-03
  1939   0.1410028E-03
  1940   0.1405107E-03
  1941   0.1400203E-03
  1942   0.1395316E-03
  1943   0.1390446E-03
  1944   0.1385593E-03
  1945   0.1380758E-03
  1946   0.1375939E-03
  1947   0.1371137E-03
  1948   0.1366351E-03
  1949   0.1361583E-03
  1950   0.1356831E-03
  1951   0.1352095E-03
  1952   0.1347376E-03
  1953   0.1342674E-03
  1954   0.1337988E-03
  1955   0.1333318E-03
  1956   0.1328664E-03
  1957   0.1324027E-03
  1958   0.1319406E-03
  1959   0.1314801E-03
  1960   0.1310213E-03
  1961   0.1305640E-03
  1962   0.1301083E-03
  1963   0.1296542E-03
  1964   0.1292017E-03
  1965   0.1287508E-03
  1966   0.1283014E-03
  1967   0.1278536E-03
  1968   0.1274074E-03
  1969   0.1269627E-03
  1970   0.1265196E-03
  1971   0.1260780E-03
  1972   0.1256380E-03
  1973   0.1251995E-03
  1974   0.1247625E-03
  1975   0.1243271E-03
  1976   0.1238932E-03
  1977   0.1234608E-03
  1978   0.1230299E-03
  1979   0.1226005E-03
  1980   0.1221726E-03
  1981   0.1217462E-03
  1982   0.1213213E-03
  1983   0.1208978E-03
  1984   0.1204759E-03
  1985   0.1200554E-03
  1986   0.1196364E-03
  1987   0.1192188E-03
  1988   0.1188027E-03
  1989   0.1183881E-03
  1990   0.1179749E-03
  1991   0.1175631E-03
  1992   0.1171528E-03
  1993   0.1167439E-03
  1994   0.1163364E-03
  1995   0.1159304E-03
  1996   0.1155258E-03
  1997   0.1151226E-03
  1998   0.1147208E-03
  1999   0.1143204E-03
  2000   0.1139214E-03
  2001   0.1135237E-03
  2002   0.1131275E-03
  2003   0.1127327E-03
  2004   0.1123392E-03
  2005   0.1119471E-03
  2006   0.1115564E-03
  2007   0.1111670E-03
  2008   0.1107790E-03
  2009   0.1103924E-03
  2010   0.1100071E-03
  2011   0.1096231E-03
  2012   0.1092405E-03
  2013   0.1088592E-03
  2014   0.1084793E-03
  2015   0.1081007E-03
  2016   0.1077234E-03
  2017   0.1073474E-03
  2018   0.1069727E-03
  2019   0.1065994E-03
  2020   0.1062273E-03
  2021   0.1058565E-03
  2022   0.1054871E-03
  2023   0.1051189E-03
  2024   0.1047520E-03
  2025   0.1043864E-03
  2026   0.1040220E-03
  2027   0.1036590E-03
  2028   0.1032971E-03
  2029   0.1029366E-03
  2030   0.1025773E-03
  2031   0.1022193E-03
  2032   0.1018625E-03
  2033   0.1015070E-03
  2034   0.1011527E-03
  2035   0.1007996E-03
  2036   0.1004478E-03
  2037   0.1000972E-03
  2038   0.9974784E-04
  2039   0.9939969E-04
  2040   0.9905275E-04
  2041   0.9870702E-04
  2042   0.9836250E-04
  2043   0.9801918E-04
  2044   0.9767706E-04
  2045   0.9733613E-04
  2046   0.9699639E-04
  2047   0.9665784E-04
  2048   0.9632047E-04
  2049   0.9598428E-04
  2050   0.9564926E-04
  2051   0.9531540E-04
  2052   0.9498272E-04
  2053   0.9465119E-04
  2054   0.9432082E-04
  2055   0.9399161E-04
  2056   0.9366354E-04
  2057   0.9333662E-04
  2058   0.9301084E-04
  2059   0.9268619E-04
  2060   0.9236268E-04
  2061   0.9204030E-04
  2062   0.9171904E-04
  2063   0.9139890E-04
  2064   0.9107988E-04
  2065   0.9076198E-04
  2066   0.9044518E-04
  2067   0.9012949E-04
  2068   0.8981490E-04
  2069   0.8950141E-04
  2070   0.8918901E-04
  2071   0.8887770E-04
  2072   0.8856748E-04
  2073   0.8825834E-04
  2074   0.8795028E-04
  2075   0.8764330E-04
  2076   0.8733739E-04
  2077   0.8703254E-04
  2078   0.8672876E-04
  2079   0.8642604E-04
  2080   0.8612437E-04
  2081   0.8582376E-04
  2082   0.8552419E-04
  2083   0.8522568E-04
  2084   0.8492820E-04
  2085   0.8463176E-04
  2086   0.8433636E-04
  2087   0.8404198E-04
  2088   0.8374864E-04
  2089   0.8345632E-04
  2090   0.8316501E-04
  2091   0.8287473E-04
  2092   0.8258546E-04
  2093   0.8229719E-04
  2094   0.8200994E-04
  2095   0.8172368E-04
  2096   0.8143843E-04
  2097   0.8115417E-04
  2098   0.8087090E-04
  2099   0.8058862E-04
  2100   0.8030733E-04
  2101   0.8002701E-04
  2102   0.7974768E-04
  2103   0.7946932E-04
  2104   0.7919193E-04
  2105   0.7891551E-04
  2106   0.7864006E-04
  2107   0.7836556E-04
  2108   0.7809203E-04
  2109   0.7781945E-04
  2110   0.7754782E-04
  2111   0.7727713E-04
  2112   0.7700740E-04
  2113   0.7673860E-04
  2114   0.7647074E-04
  2115   0.7620382E-04
  2116   0.7593783E-04
  2117   0.7567276E-04
  2118   0.7540862E-04
  2119   0.7514541E-04
  2120   0.7488311E-04
  2121   0.7462173E-04
  2122   0.7436126E-04
  2123   0.7410169E-04
  2124   0.7384304E-04
  2125   0.7358529E-04
  2126   0.7332843E-04
  2127   0.7307247E-04
  2128   0.7281741E-04
  2129   0.7256324E-04
  2130   0.7230995E-04
  2131   0.7205755E-04
  2132   0.7180603E-04
  2133   0.7155538E-04
  2134   0.7130561E-04
  2135   0.7105672E-04
  2136   0.7080869E-04
  2137   0.7056152E-04
  2138   0.7031522E-04
  2139   0.7006978E-04
  2140   0.6982520E-04
  2141   0.6958147E-04
  2142   0.6933859E-04
  2143   0.6909655E-04
  2144   0.6885536E-04
  2145   0.6861502E-04
  2146   0.6837551E-04
  2147   0.6813684E-04
  2148   0.6789900E-04
  2149   0.6766199E-04
  2150   0.6742581E-04
  2151   0.6719045E-04
  2152   0.6695592E-04
  2153   0.6672220E-04
  2154   0.6648930E-04
  2155   0.6625721E-04
  2156   0.6602593E-04
  2157   0.6579546E-04
  2158   0.6556579E-04
  2159   0.6533693E-04
  2160   0.6510886E-04
  2161   0.6488159E-04
  2162   0.6465511E-04
  2163   0.6442942E-04
  2164   0.6420452E-04
  2165   0.6398041E-04
  2166   0.6375708E-04
  2167   0.6353452E-04
  2168   0.6331275E-04
  2169   0.6309174E-04
  2170   0.6287151E-04
  2171   0.6265205E-04
  2172   0.6243335E-04
  2173   0.6221542E-04
  2174   0.6199825E-04
  2175   0.6178183E-04
  2176   0.6156617E-04
  2177   0.6135127E-04
  2178   0.6113711E-04
  2179   0.6092370E-04
  2180   0.6071104E-04
  2181   0.6049911E-04
  2182   0.6028793E-04
  2183   0.6007749E-04
  2184   0.5986777E-04
  2185   0.5965879E-04
  2186   0.5945055E-04
  2187   0.5924302E-04
  2188   0.5903622E-04
  2189   0.5883015E-04
  2190   0.5862479E-04
  2191   0.5842015E-04
  2192   0.5821622E-04
  2193   0.5801301E-04
  2194   0.5781050E-04
  2195   0.5760870E-04
  2196   0.5740761E-04
  2197   0.5720721E-04
  2198   0.5700752E-04
  2199   0.5680852E-04
  2200   0.5661022E-04
  2201   0.5641261E-04
  2202   0.5621569E-04
  2203   0.5601946E-04
  2204   0.5582391E-04
  2205   0.5562904E-04
  2206   0.5543486E-04
  2207   0.5524135E-04
  2208   0.5504852E-04
  2209   0.5485636E-04
  2210   0.5466487E-04
  2211   0.5447405E-04
  2212   0.5428390E-04
  2213   0.5409441E-04
  2214   0.5390558E-04
  2215   0.5371741E-04
  2216   0.5352989E-04
  2217   0.5334303E-04
  2218   0.5315683E-04
  2219   0.5297127E-04
  2220   0.5278636E-04
  2221   0.5260210E-04
  2222   0.5241848E-04
  2223   0.5223550E-04
  2224   0.5205315E-04
  2225   0.5187145E-04
  2226   0.5169038E-04
  2227   0.5150994E-04
  2228   0.5133013E-04
  2229   0.5115095E-04
  2230   0.5097239E-04
  2231   0.5079446E-04
  2232   0.5061715E-04
  2233   0.5044046E-04
  2234   0.5026438E-04
  2235   0.5008892E-04
  2236   0.4991407E-04
  2237   0.4973983E-04
  2238   0.4956620E-04
  2239   0.4939317E-04
  2240   0.4922075E-04
  2241   0.4904894E-04
  2242   0.4887772E-04
  2243   0.4870709E-04
  2244   0.4853707E-04
  2245   0.4836763E-04
  2246   0.4819879E-04
  2247   0.4803054E-04
  2248   0.4786288E-04
  2249   0.4769580E-04
  2250   0.4752930E-04
  2251   0.4736338E-04
  2252   0.4719805E-04
  2253   0.4703329E-04
  2254   0.4686910E-04
  2255   0.4670549E-04
  2256   0.4654245E-04
  2257   0.4637998E-04
  2258   0.4621808E-04
  2259   0.4605674E-04
  2260   0.4589596E-04
  2261   0.4573575E-04
  2262   0.4557609E-04
  2263   0.4541700E-04
  2264   0.4525845E-04
  2265   0.4510046E-04
  2266   0.4494303E-04
  2267   0.4478614E-04
  2268   0.4462980E-04
  2269   0.4447400E-04
  2270   0.4431875E-04
  2271   0.4416404E-04
  2272   0.4400987E-04
  2273   0.4385624E-04
  2274   0.4370314E-04
  2275   0.4355058E-04
  2276   0.4339856E-04
  2277   0.4324706E-04
  2278   0.4309609E-04
  2279   0.4294565E-04
  2280   0.4279573E-04
  2281   0.4264634E-04
  2282   0.4249746E-04
  2283   0.4234911E-04
  2284   0.4220128E-04
  2285   0.4205396E-04
  2286   0.4190715E-04
  2287   0.4176086E-04
  2288   0.4161508E-04
  2289   0.4146981E-04
  2290   0.4132504E-04
  2291   0.4118078E-04
  2292   0.4103702E-04
  2293   0.4089377E-04
  2294   0.4075101E-04
  2295   0.4060876E-04
  2296   0.4046700E-04
  2297   0.4032573E-04
  2298   0.4018496E-04
  2299   0.4004468E-04
  2300   0.3990489E-04
  2301   0.3976558E-04
  2302   0.3962677E-04
  2303   0.3948843E-04
  2304   0.3935058E-04
  2305   0.3921322E-04
  2306   0.3907633E-04
  2307   0.3893991E-04
  2308   0.3880398E-04
  2309   0.3866852E-04
  2310   0.3853353E-04
  2311   0.3839901E-04
  2312   0.3826497E-04
  2313   0.3813139E-04
  2314   0.3799827E-04
  2315   0.3786563E-04
  2316   0.3773344E-04
  2317   0.3760172E-04
  2318   0.3747045E-04
  2319   0.3733965E-04
  2320   0.3720930E-04
  2321   0.3707940E-04
  2322   0.3694996E-04
  2323   0.3682097E-04
  2324   0.3669243E-04
  2325   0.3656434E-04
  2326   0.3643670E-04
  2327   0.3630950E-04
  2328   0.3618275E-04
  2329   0.3605644E-04
  2330   0.3593056E-04
  2331   0.3580513E-04
  2332   0.3568014E-04
  2333   0.3555558E-04
  2334   0.3543146E-04
  2335   0.3530777E-04
  2336   0.3518451E-04
  2337   0.3506169E-04
  2338   0.3493929E-04
  2339   0.3481732E-04
  2340   0.3469577E-04
  2341   0.3457465E-04
  2342   0.3445395E-04
  2343   0.3433368E-04
  2344   0.3421382E-04
  2345   0.3409438E-04
  2346   0.3397536E-04
  2347   0.3385675E-04
  2348   0.3373856E-04
  2349   0.3362078E-04
  2350   0.3350341E-04
  2351   0.3338645E-04
  2352   0.3326990E-04
  2353   0.3315376E-04
  2354   0.3303802E-04
  2355   0.3292268E-04
  2356   0.3280775E-04
  2357   0.3269322E-04
  2358   0.3257909E-04
  2359   0.3246536E-04
  2360   0.3235202E-04
  2361   0.3223908E-04
  2362   0.3212654E-04
  2363   0.3201438E-04
  2364   0.3190262E-04
  2365   0.3179125E-04
  2366   0.3168027E-04
  2367   0.3156967E-04
  2368   0.3145946E-04
  2369   0.3134964E-04
  2370   0.3124020E-04
  2371   0.3113114E-04
  2372   0.3102246E-04
  2373   0.3091416E-04
  2374   0.3080624E-04
  2375   0.3069869E-04
  2376   0.3059153E-04
  2377   0.3048473E-04
  2378   0.3037831E-04
  2379   0.3027226E-04
  2380   0.3016658E-04
  2381   0.3006127E-04
  2382   0.2995632E-04
  2383   0.2985174E-04
  2384   0.2974753E-04
  2385   0.2964368E-04
  2386   0.2954020E-04
  2387   0.2943707E-04
  2388   0.2933431E-04
  2389   0.2923190E-04
  2390   0.2912985E-04
  2391   0.2902816E-04
  2392   0.2892682E-04
  2393   0.2882584E-04
  2394   0.2872520E-04
  2395   0.2862492E-04
  2396   0.2852499E-04
  2397   0.2842541E-04
  2398   0.2832618E-04
  2399   0.2822729E-04
  2400   0.2812875E-04
  2401   0.2803055E-04
  2402   0.2793269E-04
  2403   0.2783518E-04
  2404   0.2773801E-04
  2405   0.2764117E-04
  2406   0.2754468E-04
  2407   0.2744852E-04
  2408   0.2735269E-04
  2409   0.2725720E-04
  2410   0.2716205E-04
  2411   0.2706722E-04
  2412   0.2697273E-04
  2413   0.2687857E-04
  2414   0.2678473E-04
  2415   0.2669123E-04
  2416   0.2659805E-04
  2417   0.2650519E-04
  2418   0.2641266E-04
  2419   0.2632045E-04
  2420   0.2622857E-04
  2421   0.2613700E-04
  2422   0.2604576E-04
  2423   0.2595483E-04
  2424   0.2586422E-04
  2425   0.2577393E-04
  2426   0.2568395E-04
  2427   0.2559428E-04
  2428   0.2550493E-04
  2429   0.2541589E-04
  2430   0.2532716E-04
  2431   0.2523874E-04
  2432   0.2515063E-04
  2433   0.2506283E-04
  2434   0.2497534E-04
  2435   0.2488815E-04
  2436   0.2480126E-04
  2437   0.2471468E-04
  2438   0.2462840E-04
  2439   0.2454242E-04
  2440   0.2445674E-04
  2441   0.2437136E-04
  2442   0.2428627E-04
  2443   0.2420149E-04
  2444   0.2411700E-04
  2445   0.2403280E-04
  2446   0.2394890E-04
  2447   0.2386530E-04
  2448   0.2378198E-04
  2449   0.2369896E-04
  2450   0.2361622E-04
  2451   0.2353377E-04
  2452   0.2345162E-04
  2453   0.2336974E-04
  2454   0.2328816E-04
  2455   0.2320686E-04
  2456   0.2312584E-04
  2457   0.2304510E-04
  2458   0.2296465E-04
  2459   0.2288448E-04
  2460   0.2280459E-04
  2461   0.2272497E-04
  2462   0.2264564E-04
  2463   0.2256658E-04
  2464   0.2248780E-04
  2465   0.2240929E-04
  2466   0.2233106E-04
  2467   0.2225310E-04
  2468   0.2217541E-04
  2469   0.2209799E-04
  2470   0.2202085E-04
  2471   0.2194397E-04
  2472   0.2186736E-04
  2473   0.2179102E-04
  2474   0.2171494E-04
  2475   0.2163913E-04
  2476   0.2156359E-04
  2477   0.2148831E-04
  2478   0.2141329E-04
  2479   0.2133853E-04
  2480   0.2126404E-04
  2481   0.2118980E-04
  2482   0.2111583E-04
  2483   0.2104211E-04
  2484   0.2096865E-04
  2485   0.2089544E-04
  2486   0.2082250E-04
  2487   0.2074980E-04
  2488   0.2067736E-04
  2489   0.2060517E-04
  2490   0.2053324E-04
  2491   0.2046155E-04
  2492   0.2039012E-04
  2493   0.2031893E-04
  2494   0.2024800E-04
  2495   0.2017731E-04
  2496   0.2010687E-04
  2497   0.2003667E-04
  2498   0.1996672E-04
  2499   0.1989701E-04
  2500   0.1982755E-04
  2501   0.1975833E-04
  2502   0.1968935E-04
  2503   0.1962061E-04
  2504   0.1955211E-04
  2505   0.1948386E-04
  2506   0.1941583E-04
  2507   0.1934805E-04
  2508   0.1928050E-04
  2509   0.1921319E-04
  2510   0.1914612E-04
  2511   0.1907927E-04
  2512   0.1901267E-04
  2513   0.1894629E-04
  2514   0.1888014E-04
  2515   0.1881423E-04
  2516   0.1874855E-04
  2517   0.1868309E-04
  2518   0.1861787E-04
  2519   0.1855287E-04
  2520   0.1848810E-04
  2521   0.1842355E-04
  2522   0.1835923E-04
  2523   0.1829514E-04
  2524   0.1823127E-04
  2525   0.1816762E-04
  2526   0.1810419E-04
  2527   0.1804099E-04
  2528   0.1797800E-04
  2529   0.1791524E-04
  2530   0.1785269E-04
  2531   0.1779037E-04
  2532   0.1772826E-04
  2533   0.1766636E-04
  2534   0.1760469E-04
  2535   0.1754323E-04
  2536   0.1748198E-04
  2537   0.1742095E-04
  2538   0.1736013E-04
  2539   0.1729952E-04
  2540   0.1723912E-04
  2541   0.1717894E-04
  2542   0.1711896E-04
  2543   0.1705920E-04
  2544   0.1699964E-04
  2545   0.1694029E-04
  2546   0.1688115E-04
  2547   0.1682222E-04
  2548   0.1676349E-04
  2549   0.1670496E-04
  2550   0.1664664E-04
  2551   0.1658853E-04
  2552   0.1653061E-04
  2553   0.1647290E-04
  2554   0.1641539E-04
  2555   0.1635808E-04
  2556   0.1630097E-04
  2557   0.1624406E-04
  2558   0.1618735E-04
  2559   0.1613084E-04
  2560   0.1607452E-04
  2561   0.1601840E-04
  2562   0.1596248E-04
  2563   0.1590675E-04
  2564   0.1585122E-04
  2565   0.1579588E-04
  2566   0.1574073E-04
  2567   0.1568577E-04
  2568   0.1563101E-04
  2569   0.1557644E-04
  2570   0.1552206E-04
  2571   0.1546787E-04
  2572   0.1541387E-04
  2573   0.1536005E-04
  2574   0.1530643E-04
  2575   0.1525299E-04
  2576   0.1519974E-04
  2577   0.1514667E-04
  2578   0.1509379E-04
  2579   0.1504110E-04
  2580   0.1498859E-04
  2581   0.1493626E-04
  2582   0.1488411E-04
  2583   0.1483215E-04
  2584   0.1478037E-04
  2585   0.1472876E-04
  2586   0.1467734E-04
  2587   0.1462610E-04
  2588   0.1457504E-04
  2589   0.1452415E-04
  2590   0.1447345E-04
  2591   0.1442292E-04
  2592   0.1437256E-04
  2593   0.1432238E-04
  2594   0.1427238E-04
  2595   0.1422255E-04
  2596   0.1417290E-04
  2597   0.1412342E-04
  2598   0.1407411E-04
  2599   0.1402497E-04
  2600   0.1397601E-04
  2601   0.1392721E-04
  2602   0.1387859E-04
  2603   0.1383014E-04
  2604   0.1378185E-04
  2605   0.1373374E-04
  2606   0.1368579E-04
  2607   0.1363801E-04
  2608   0.1359040E-04
  2609   0.1354295E-04
  2610   0.1349567E-04
  2611   0.1344855E-04
  2612   0.1340160E-04
  2613   0.1335481E-04
  2614   0.1330818E-04
  2615   0.1326172E-04
  2616   0.1321542E-04
  2617   0.1316928E-04
  2618   0.1312331E-04
  2619   0.1307749E-04
  2620   0.1303183E-04
  2621   0.1298633E-04
  2622   0.1294100E-04
  2623   0.1289582E-04
  2624   0.1285079E-04
  2625   0.1280593E-04
  2626   0.1276122E-04
  2627   0.1271667E-04
  2628   0.1267227E-04
  2629   0.1262803E-04
  2630   0.1258394E-04
  2631   0.1254001E-04
  2632   0.1249622E-04
  2633   0.1245260E-04
  2634   0.1240912E-04
  2635   0.1236580E-04
  2636   0.1232263E-04
  2637   0.1227960E-04
  2638   0.1223673E-04
  2639   0.1219401E-04
  2640   0.1215144E-04
  2641   0.1210901E-04
  2642   0.1206674E-04
  2643   0.1202461E-04
  2644   0.1198263E-04
  2645   0.1194079E-04
  2646   0.1189911E-04
  2647   0.1185756E-04
  2648   0.1181616E-04
  2649   0.1177491E-04
  2650   0.1173380E-04
  2651   0.1169284E-04
  2652   0.1165201E-04
  2653   0.1161133E-04
  2654   0.1157079E-04
  2655   0.1153040E-04
  2656   0.1149014E-04
  2657   0.1145002E-04
  2658   0.1141005E-04
  2659   0.1137021E-04
  2660   0.1133052E-04
  2661   0.1129096E-04
  2662   0.1125154E-04
  2663   0.1121226E-04
  2664   0.1117311E-04
  2665   0.1113410E-04
  2666   0.1109523E-04
  2667   0.1105649E-04
  2668   0.1101789E-04
  2669   0.1097943E-04
  2670   0.1094109E-04
  2671   0.1090289E-04
  2672   0.1086483E-04
  2673   0.1082690E-04
  2674   0.1078910E-04
  2675   0.1075143E-04
  2676   0.1071389E-04
  2677   0.1067649E-04
  2678   0.1063921E-04
  2679   0.1060207E-04
  2680   0.1056505E-04
  2681   0.1052817E-04
  2682   0.1049141E-04
  2683   0.1045478E-04
  2684   0.1041828E-04
  2685   0.1038191E-04
  2686   0.1034566E-04
  2687   0.1030954E-04
  2688   0.1027355E-04
  2689   0.1023768E-04
  2690   0.1020194E-04
  2691   0.1016632E-04
  2692   0.1013082E-04
  2693   0.1009545E-04
  2694   0.1006021E-04
  2695   0.1002508E-04
  2696   0.9990083E-05
