     0   0.3000000E+02
     1   0.3874628E+02
     2   0.3020359E+02
     3   0.2999981E+02
     4   0.2824791E+02
     5   0.2593498E+02
     6   0.2351153E+02
     7   0.2117515E+02
     8   0.1900503E+02
     9   0.1702565E+02
    10   0.1523691E+02
    11   0.1362824E+02
    12   0.1274713E+02
    13   0.1195084E+02
    14   0.1134886E+02
    15   0.1073435E+02
    16   0.1008953E+02
    17   0.9613740E+01
    18   0.8964237E+01
    19   0.8594092E+01
    20   0.7972433E+01
    21   0.7673427E+01
    22   0.7157848E+01
    23   0.6846236E+01
    24   0.6417522E+01
    25   0.6105427E+01
    26   0.5747873E+01
    27   0.5443393E+01
    28   0.5144238E+01
    29   0.4852589E+01
    30   0.4601486E+01
    31   0.4325834E+01
    32   0.4114390E+01
    33   0.3856458E+01
    34   0.3677852E+01
    35   0.3438354E+01
    36   0.3287028E+01
    37   0.3071160E+01
    38   0.2937402E+01
    39   0.2751509E+01
    40   0.2624813E+01
    41   0.2464473E+01
    42   0.2345454E+01
    43   0.2206931E+01
    44   0.2095867E+01
    45   0.1976007E+01
    46   0.1872929E+01
    47   0.1769060E+01
    48   0.1673820E+01
    49   0.1583678E+01
    50   0.1496012E+01
    51   0.1417672E+01
    52   0.1337230E+01
    53   0.1269056E+01
    54   0.1195442E+01
    55   0.1136037E+01
    56   0.1068827E+01
    57   0.1016999E+01
    58   0.9557554E+00
    59   0.9104843E+00
    60   0.8547746E+00
    61   0.8151858E+00
    62   0.7648359E+00
    63   0.7299274E+00
    64   0.6857145E+00
    65   0.6536550E+00
    66   0.6148022E+00
    67   0.5854234E+00
    68   0.5512561E+00
    69   0.5243849E+00
    70   0.4943175E+00
    71   0.4697813E+00
    72   0.4433037E+00
    73   0.4209331E+00
    74   0.3976018E+00
    75   0.3772324E+00
    76   0.3566605E+00
    77   0.3381352E+00
    78   0.3199854E+00
    79   0.3031550E+00
    80   0.2871328E+00
    81   0.2718567E+00
    82   0.2577046E+00
    83   0.2438507E+00
    84   0.2313437E+00
    85   0.2187894E+00
    86   0.2077302E+00
    87   0.1963612E+00
    88   0.1865774E+00
    89   0.1762880E+00
    90   0.1676282E+00
    91   0.1583211E+00
    92   0.1506524E+00
    93   0.1422379E+00
    94   0.1354438E+00
    95   0.1278396E+00
    96   0.1218177E+00
    97   0.1149484E+00
    98   0.1096085E+00
    99   0.1034053E+00
   100   0.9866831E-01
   101   0.9309442E-01
   102   0.8886429E-01
   103   0.8391568E-01
   104   0.8007775E-01
   105   0.7568283E-01
   106   0.7220234E-01
   107   0.6829790E-01
   108   0.6514283E-01
   109   0.6167309E-01
   110   0.5881398E-01
   111   0.5572963E-01
   112   0.5313950E-01
   113   0.5039691E-01
   114   0.4805105E-01
   115   0.4561167E-01
   116   0.4348746E-01
   117   0.4131720E-01
   118   0.3939399E-01
   119   0.3746263E-01
   120   0.3572161E-01
   121   0.3400241E-01
   122   0.3242643E-01
   123   0.3089571E-01
   124   0.2946914E-01
   125   0.2810593E-01
   126   0.2681459E-01
   127   0.2560026E-01
   128   0.2443125E-01
   129   0.2334932E-01
   130   0.2229094E-01
   131   0.2132677E-01
   132   0.2036839E-01
   133   0.1950901E-01
   134   0.1864100E-01
   135   0.1787488E-01
   136   0.1708852E-01
   137   0.1640541E-01
   138   0.1569281E-01
   139   0.1508363E-01
   140   0.1443763E-01
   141   0.1389431E-01
   142   0.1330844E-01
   143   0.1282380E-01
   144   0.1229222E-01
   145   0.1185987E-01
   146   0.1137838E-01
   147   0.1099155E-01
   148   0.1056196E-01
   149   0.1020904E-01
   150   0.9825699E-02
   151   0.9503504E-02
   152   0.9161425E-02
   153   0.8867061E-02
   154   0.8561786E-02
   155   0.8292631E-02
   156   0.8020191E-02
   157   0.7773868E-02
   158   0.7530726E-02
   159   0.7305081E-02
   160   0.7088087E-02
   161   0.6881170E-02
   162   0.6687512E-02
   163   0.6497558E-02
   164   0.6324731E-02
   165   0.6150142E-02
   166   0.5995910E-02
   167   0.5835241E-02
   168   0.5697610E-02
   169   0.5549555E-02
   170   0.5426743E-02
   171   0.5294521E-02
   172   0.5180536E-02
   173   0.5062487E-02
   174   0.4956503E-02
   175   0.4851104E-02
   176   0.4752408E-02
   177   0.4658300E-02
   178   0.4566245E-02
   179   0.4482212E-02
   180   0.4396211E-02
   181   0.4321166E-02
   182   0.4242264E-02
   183   0.4173658E-02
   184   0.4103110E-02
   185   0.4038337E-02
   186   0.3975236E-02
   187   0.3913985E-02
   188   0.3857520E-02
   189   0.3799510E-02
   190   0.3748954E-02
   191   0.3696694E-02
   192   0.3648628E-02
   193   0.3601731E-02
   194   0.3555727E-02
   195   0.3513598E-02
   196   0.3470673E-02
   197   0.3431619E-02
   198   0.3392935E-02
   199   0.3355186E-02
   200   0.3320264E-02
   201   0.3285054E-02
   202   0.3252162E-02
   203   0.3220235E-02
   204   0.3188350E-02
   205   0.3159153E-02
   206   0.3130087E-02
   207   0.3101440E-02
   208   0.3074861E-02
   209   0.3048417E-02
   210   0.3022373E-02
   211   0.2998023E-02
   212   0.2973897E-02
   213   0.2950134E-02
   214   0.2927445E-02
   215   0.2905300E-02
   216   0.2883496E-02
   217   0.2866181E-02
   218   0.2851841E-02
   219   0.2838063E-02
   220   0.2824147E-02
   221   0.2810590E-02
   222   0.2797091E-02
   223   0.2783483E-02
   224   0.2770391E-02
   225   0.2757443E-02
   226   0.2744667E-02
   227   0.2732184E-02
   228   0.2719470E-02
   229   0.2706931E-02
   230   0.2694869E-02
   231   0.2682443E-02
   232   0.2670277E-02
   233   0.2658440E-02
   234   0.2646468E-02
   235   0.2634629E-02
   236   0.2622873E-02
   237   0.2611334E-02
   238   0.2599806E-02
   239   0.2588449E-02
   240   0.2577010E-02
   241   0.2565775E-02
   242   0.2554826E-02
   243   0.2543671E-02
   244   0.2532802E-02
   245   0.2521948E-02
   246   0.2511172E-02
   247   0.2500582E-02
   248   0.2489895E-02
   249   0.2479381E-02
   250   0.2469052E-02
   251   0.2458702E-02
   252   0.2448468E-02
   253   0.2438275E-02
   254   0.2428189E-02
   255   0.2418248E-02
   256   0.2408345E-02
   257   0.2398473E-02
   258   0.2388660E-02
   259   0.2379021E-02
   260   0.2369432E-02
   261   0.2359871E-02
   262   0.2350349E-02
   263   0.2340960E-02
   264   0.2331654E-02
   265   0.2322395E-02
   266   0.2313159E-02
   267   0.2303981E-02
   268   0.2294969E-02
   269   0.2285975E-02
   270   0.2277028E-02
   271   0.2268144E-02
   272   0.2259315E-02
   273   0.2250623E-02
   274   0.2241964E-02
   275   0.2233332E-02
   276   0.2224733E-02
   277   0.2216248E-02
   278   0.2207834E-02
   279   0.2199449E-02
   280   0.2191091E-02
   281   0.2182775E-02
   282   0.2174594E-02
   283   0.2166442E-02
   284   0.2158315E-02
   285   0.2150216E-02
   286   0.2142199E-02
   287   0.2134266E-02
   288   0.2126359E-02
   289   0.2118477E-02
   290   0.2110620E-02
   291   0.2102879E-02
   292   0.2095180E-02
   293   0.2087526E-02
   294   0.2079902E-02
   295   0.2072301E-02
   296   0.2064779E-02
   297   0.2057326E-02
   298   0.2049896E-02
   299   0.2042487E-02
   300   0.2035101E-02
   301   0.2027811E-02
   302   0.2020564E-02
   303   0.2013338E-02
   304   0.2006134E-02
   305   0.1998950E-02
   306   0.1991874E-02
   307   0.1984822E-02
   308   0.1977790E-02
   309   0.1970778E-02
   310   0.1963793E-02
   311   0.1956907E-02
   312   0.1950039E-02
   313   0.1943190E-02
   314   0.1936361E-02
   315   0.1929562E-02
   316   0.1922851E-02
   317   0.1916158E-02
   318   0.1909483E-02
   319   0.1902826E-02
   320   0.1896199E-02
   321   0.1889655E-02
   322   0.1883127E-02
   323   0.1876617E-02
   324   0.1870124E-02
   325   0.1863655E-02
   326   0.1857268E-02
   327   0.1850898E-02
   328   0.1844544E-02
   329   0.1838207E-02
   330   0.1831902E-02
   331   0.1825646E-02
   332   0.1819426E-02
   333   0.1813221E-02
   334   0.1807048E-02
   335   0.1800890E-02
   336   0.1794748E-02
   337   0.1788669E-02
   338   0.1782618E-02
   339   0.1776585E-02
   340   0.1770566E-02
   341   0.1764563E-02
   342   0.1758595E-02
   343   0.1752680E-02
   344   0.1746780E-02
   345   0.1740895E-02
   346   0.1735024E-02
   347   0.1729168E-02
   348   0.1723373E-02
   349   0.1717600E-02
   350   0.1711841E-02
   351   0.1706097E-02
   352   0.1700367E-02
   353   0.1694664E-02
   354   0.1689013E-02
   355   0.1683376E-02
   356   0.1677752E-02
   357   0.1672142E-02
   358   0.1666546E-02
   359   0.1660990E-02
   360   0.1655470E-02
   361   0.1649962E-02
   362   0.1644468E-02
   363   0.1638986E-02
   364   0.1633519E-02
   365   0.1628096E-02
   366   0.1622700E-02
   367   0.1617316E-02
   368   0.1611946E-02
   369   0.1606588E-02
   370   0.1601244E-02
   371   0.1595943E-02
   372   0.1590666E-02
   373   0.1585401E-02
   374   0.1580150E-02
   375   0.1574911E-02
   376   0.1569688E-02
   377   0.1564506E-02
   378   0.1559337E-02
   379   0.1554182E-02
   380   0.1549045E-02
   381   0.1543920E-02
   382   0.1538819E-02
   383   0.1533749E-02
   384   0.1528691E-02
   385   0.1523646E-02
   386   0.1518612E-02
   387   0.1513591E-02
   388   0.1508601E-02
   389   0.1503639E-02
   390   0.1498689E-02
   391   0.1493750E-02
   392   0.1488824E-02
   393   0.1483909E-02
   394   0.1479007E-02
   395   0.1474148E-02
   396   0.1469302E-02
   397   0.1464467E-02
   398   0.1459643E-02
   399   0.1454832E-02
   400   0.1450033E-02
   401   0.1445252E-02
   402   0.1440505E-02
   403   0.1435771E-02
   404   0.1431047E-02
   405   0.1426336E-02
   406   0.1421636E-02
   407   0.1416948E-02
   408   0.1412277E-02
   409   0.1407640E-02
   410   0.1403013E-02
   411   0.1398399E-02
   412   0.1393795E-02
   413   0.1389203E-02
   414   0.1384623E-02
   415   0.1380054E-02
   416   0.1375521E-02
   417   0.1371000E-02
   418   0.1366490E-02
   419   0.1361992E-02
   420   0.1357505E-02
   421   0.1353029E-02
   422   0.1348565E-02
   423   0.1344122E-02
   424   0.1339703E-02
   425   0.1335296E-02
   426   0.1330899E-02
   427   0.1326514E-02
   428   0.1322140E-02
   429   0.1317777E-02
   430   0.1313425E-02
   431   0.1309098E-02
   432   0.1304790E-02
   433   0.1300493E-02
   434   0.1296206E-02
   435   0.1291931E-02
   436   0.1287667E-02
   437   0.1283414E-02
   438   0.1279172E-02
   439   0.1274951E-02
   440   0.1270750E-02
   441   0.1266560E-02
   442   0.1262381E-02
   443   0.1258213E-02
   444   0.1254056E-02
   445   0.1249910E-02
   446   0.1245775E-02
   447   0.1241656E-02
   448   0.1237559E-02
   449   0.1233473E-02
   450   0.1229397E-02
   451   0.1225333E-02
   452   0.1221279E-02
   453   0.1217239E-02
   454   0.1213223E-02
   455   0.1209218E-02
   456   0.1205223E-02
   457   0.1201240E-02
   458   0.1197266E-02
   459   0.1193304E-02
   460   0.1189352E-02
   461   0.1185411E-02
   462   0.1181481E-02
   463   0.1177576E-02
   464   0.1173682E-02
   465   0.1169798E-02
   466   0.1165925E-02
   467   0.1162062E-02
   468   0.1158209E-02
   469   0.1154367E-02
   470   0.1150536E-02
   471   0.1146715E-02
   472   0.1142912E-02
   473   0.1139125E-02
   474   0.1135349E-02
   475   0.1131583E-02
   476   0.1127828E-02
   477   0.1124083E-02
   478   0.1120348E-02
   479   0.1116624E-02
   480   0.1112910E-02
   481   0.1109206E-02
   482   0.1105518E-02
   483   0.1101848E-02
   484   0.1098187E-02
   485   0.1094536E-02
   486   0.1090896E-02
   487   0.1087266E-02
   488   0.1083646E-02
   489   0.1080036E-02
   490   0.1076437E-02
   491   0.1072847E-02
   492   0.1069268E-02
   493   0.1065708E-02
   494   0.1062160E-02
   495   0.1058622E-02
   496   0.1055094E-02
   497   0.1051576E-02
   498   0.1048068E-02
   499   0.1044570E-02
   500   0.1041082E-02
   501   0.1037604E-02
   502   0.1034135E-02
   503   0.1030677E-02
   504   0.1027235E-02
   505   0.1023806E-02
   506   0.1020388E-02
   507   0.1016979E-02
   508   0.1013580E-02
   509   0.1010191E-02
   510   0.1006811E-02
   511   0.1003442E-02
   512   0.1000088E-02
   513   0.9967474E-03
   514   0.9934164E-03
   515   0.9900950E-03
   516   0.9867833E-03
   517   0.9834812E-03
   518   0.9801888E-03
   519   0.9769060E-03
   520   0.9736328E-03
   521   0.9703692E-03
   522   0.9671152E-03
   523   0.9638707E-03
   524   0.9606432E-03
   525   0.9574258E-03
   526   0.9542180E-03
   527   0.9510195E-03
   528   0.9478305E-03
   529   0.9446509E-03
   530   0.9414807E-03
   531   0.9383199E-03
   532   0.9351685E-03
   533   0.9320264E-03
   534   0.9288937E-03
   535   0.9257704E-03
   536   0.9226564E-03
   537   0.9195573E-03
   538   0.9164689E-03
   539   0.9133898E-03
   540   0.9103199E-03
   541   0.9072591E-03
   542   0.9042075E-03
   543   0.9011651E-03
   544   0.8981318E-03
   545   0.8951077E-03
   546   0.8920927E-03
   547   0.8890868E-03
   548   0.8860899E-03
   549   0.8831022E-03
   550   0.8801235E-03
   551   0.8771586E-03
   552   0.8742041E-03
   553   0.8712587E-03
   554   0.8683221E-03
   555   0.8653944E-03
   556   0.8624757E-03
   557   0.8595658E-03
   558   0.8566649E-03
   559   0.8537727E-03
   560   0.8508894E-03
   561   0.8480150E-03
   562   0.8451493E-03
   563   0.8422925E-03
   564   0.8394444E-03
   565   0.8366051E-03
   566   0.8337784E-03
   567   0.8309620E-03
   568   0.8281542E-03
   569   0.8253550E-03
   570   0.8225644E-03
   571   0.8197825E-03
   572   0.8170091E-03
   573   0.8142443E-03
   574   0.8114881E-03
   575   0.8087404E-03
   576   0.8060012E-03
   577   0.8032706E-03
   578   0.8005537E-03
   579   0.7978456E-03
   580   0.7951459E-03
   581   0.7924545E-03
   582   0.7897715E-03
   583   0.7870969E-03
   584   0.7844306E-03
   585   0.7817726E-03
   586   0.7791229E-03
   587   0.7764815E-03
   588   0.7738483E-03
   589   0.7712234E-03
   590   0.7686067E-03
   591   0.7659982E-03
   592   0.7633988E-03
   593   0.7608110E-03
   594   0.7582313E-03
   595   0.7556596E-03
   596   0.7530961E-03
   597   0.7505405E-03
   598   0.7479931E-03
   599   0.7454536E-03
   600   0.7429221E-03
   601   0.7403987E-03
   602   0.7378832E-03
   603   0.7353756E-03
   604   0.7328760E-03
   605   0.7303842E-03
   606   0.7279004E-03
   607   0.7254245E-03
   608   0.7229564E-03
   609   0.7204961E-03
   610   0.7180440E-03
   611   0.7156030E-03
   612   0.7131698E-03
   613   0.7107444E-03
   614   0.7083266E-03
   615   0.7059165E-03
   616   0.7035141E-03
   617   0.7011194E-03
   618   0.6987323E-03
   619   0.6963528E-03
   620   0.6939809E-03
   621   0.6916165E-03
   622   0.6892598E-03
   623   0.6869106E-03
   624   0.6845689E-03
   625   0.6822347E-03
   626   0.6799080E-03
   627   0.6775888E-03
   628   0.6752771E-03
   629   0.6729728E-03
   630   0.6706773E-03
   631   0.6683909E-03
   632   0.6661118E-03
   633   0.6638401E-03
   634   0.6615757E-03
   635   0.6593186E-03
   636   0.6570687E-03
   637   0.6548261E-03
   638   0.6525907E-03
   639   0.6503626E-03
   640   0.6481416E-03
   641   0.6459278E-03
   642   0.6437212E-03
   643   0.6415217E-03
   644   0.6393294E-03
   645   0.6371441E-03
   646   0.6349660E-03
   647   0.6327949E-03
   648   0.6306308E-03
   649   0.6284738E-03
   650   0.6263238E-03
   651   0.6241813E-03
   652   0.6220479E-03
   653   0.6199215E-03
   654   0.6178019E-03
   655   0.6156893E-03
   656   0.6135835E-03
   657   0.6114845E-03
   658   0.6093924E-03
   659   0.6073072E-03
   660   0.6052287E-03
   661   0.6031570E-03
   662   0.6010920E-03
   663   0.5990339E-03
   664   0.5969825E-03
   665   0.5949394E-03
   666   0.5929043E-03
   667   0.5908759E-03
   668   0.5888541E-03
   669   0.5868389E-03
   670   0.5848302E-03
   671   0.5828282E-03
   672   0.5808327E-03
   673   0.5788437E-03
   674   0.5768613E-03
   675   0.5748853E-03
   676   0.5729158E-03
   677   0.5709528E-03
   678   0.5689962E-03
   679   0.5670461E-03
   680   0.5651024E-03
   681   0.5631650E-03
   682   0.5612340E-03
   683   0.5593094E-03
   684   0.5573911E-03
   685   0.5554792E-03
   686   0.5535735E-03
   687   0.5516741E-03
   688   0.5497810E-03
   689   0.5478946E-03
   690   0.5460159E-03
   691   0.5441434E-03
   692   0.5422771E-03
   693   0.5404170E-03
   694   0.5385630E-03
   695   0.5367151E-03
   696   0.5348733E-03
   697   0.5330376E-03
   698   0.5312080E-03
   699   0.5293844E-03
   700   0.5275668E-03
   701   0.5257553E-03
   702   0.5239497E-03
   703   0.5221502E-03
   704   0.5203566E-03
   705   0.5185689E-03
   706   0.5167872E-03
   707   0.5150114E-03
   708   0.5132415E-03
   709   0.5114775E-03
   710   0.5097193E-03
   711   0.5079670E-03
   712   0.5062205E-03
   713   0.5044798E-03
   714   0.5027448E-03
   715   0.5010157E-03
   716   0.4992937E-03
   717   0.4975777E-03
   718   0.4958674E-03
   719   0.4941627E-03
   720   0.4924638E-03
   721   0.4907705E-03
   722   0.4890828E-03
   723   0.4874008E-03
   724   0.4857243E-03
   725   0.4840535E-03
   726   0.4823882E-03
   727   0.4807285E-03
   728   0.4790743E-03
   729   0.4774257E-03
   730   0.4757825E-03
   731   0.4741448E-03
   732   0.4725127E-03
   733   0.4708859E-03
   734   0.4692646E-03
   735   0.4676487E-03
   736   0.4660383E-03
   737   0.4644332E-03
   738   0.4628335E-03
   739   0.4612391E-03
   740   0.4596501E-03
   741   0.4580664E-03
   742   0.4564881E-03
   743   0.4549150E-03
   744   0.4533473E-03
   745   0.4517861E-03
   746   0.4502301E-03
   747   0.4486793E-03
   748   0.4471337E-03
   749   0.4455934E-03
   750   0.4440581E-03
   751   0.4425281E-03
   752   0.4410031E-03
   753   0.4394833E-03
   754   0.4379686E-03
   755   0.4364590E-03
   756   0.4349544E-03
   757   0.4334549E-03
   758   0.4319605E-03
   759   0.4304710E-03
   760   0.4289866E-03
   761   0.4275072E-03
   762   0.4260327E-03
   763   0.4245632E-03
   764   0.4230987E-03
   765   0.4216391E-03
   766   0.4201844E-03
   767   0.4187346E-03
   768   0.4172897E-03
   769   0.4158497E-03
   770   0.4144145E-03
   771   0.4129842E-03
   772   0.4115587E-03
   773   0.4101380E-03
   774   0.4087225E-03
   775   0.4073128E-03
   776   0.4059079E-03
   777   0.4045077E-03
   778   0.4031122E-03
   779   0.4017214E-03
   780   0.4003354E-03
   781   0.3989540E-03
   782   0.3975772E-03
   783   0.3962051E-03
   784   0.3948377E-03
   785   0.3934748E-03
   786   0.3921166E-03
   787   0.3907630E-03
   788   0.3894139E-03
   789   0.3880694E-03
   790   0.3867294E-03
   791   0.3853940E-03
   792   0.3840631E-03
   793   0.3827367E-03
   794   0.3814148E-03
   795   0.3800973E-03
   796   0.3787843E-03
   797   0.3774765E-03
   798   0.3761734E-03
   799   0.3748746E-03
   800   0.3735802E-03
   801   0.3722902E-03
   802   0.3710046E-03
   803   0.3697234E-03
   804   0.3684464E-03
   805   0.3671738E-03
   806   0.3659055E-03
   807   0.3646415E-03
   808   0.3633818E-03
   809   0.3621264E-03
   810   0.3608752E-03
   811   0.3596283E-03
   812   0.3583855E-03
   813   0.3571471E-03
   814   0.3559128E-03
   815   0.3546827E-03
   816   0.3534567E-03
   817   0.3522350E-03
   818   0.3510173E-03
   819   0.3498039E-03
   820   0.3485945E-03
   821   0.3473893E-03
   822   0.3461881E-03
   823   0.3449910E-03
   824   0.3437980E-03
   825   0.3426091E-03
   826   0.3414242E-03
   827   0.3402433E-03
   828   0.3390665E-03
   829   0.3378936E-03
   830   0.3367247E-03
   831   0.3355599E-03
   832   0.3343990E-03
   833   0.3332423E-03
   834   0.3320900E-03
   835   0.3309417E-03
   836   0.3297972E-03
   837   0.3286566E-03
   838   0.3275199E-03
   839   0.3263871E-03
   840   0.3252582E-03
   841   0.3241331E-03
   842   0.3230118E-03
   843   0.3218943E-03
   844   0.3207807E-03
   845   0.3196708E-03
   846   0.3185647E-03
   847   0.3174624E-03
   848   0.3163639E-03
   849   0.3152690E-03
   850   0.3141780E-03
   851   0.3130906E-03
   852   0.3120070E-03
   853   0.3109270E-03
   854   0.3098508E-03
   855   0.3087782E-03
   856   0.3077092E-03
   857   0.3066439E-03
   858   0.3055823E-03
   859   0.3045243E-03
   860   0.3034699E-03
   861   0.3024190E-03
   862   0.3013718E-03
   863   0.3003282E-03
   864   0.2992881E-03
   865   0.2982516E-03
   866   0.2972186E-03
   867   0.2961891E-03
   868   0.2951632E-03
   869   0.2941408E-03
   870   0.2931218E-03
   871   0.2921064E-03
   872   0.2910944E-03
   873   0.2900862E-03
   874   0.2890817E-03
   875   0.2880807E-03
   876   0.2870830E-03
   877   0.2860888E-03
   878   0.2850980E-03
   879   0.2841105E-03
   880   0.2831265E-03
   881   0.2821458E-03
   882   0.2811684E-03
   883   0.2801945E-03
   884   0.2792238E-03
   885   0.2782564E-03
   886   0.2772924E-03
   887   0.2763317E-03
   888   0.2753742E-03
   889   0.2744201E-03
   890   0.2734692E-03
   891   0.2725215E-03
   892   0.2715771E-03
   893   0.2706360E-03
   894   0.2696980E-03
   895   0.2687633E-03
   896   0.2678318E-03
   897   0.2669034E-03
   898   0.2659783E-03
   899   0.2650563E-03
   900   0.2641375E-03
   901   0.2632218E-03
   902   0.2623093E-03
   903   0.2613999E-03
   904   0.2604936E-03
   905   0.2595904E-03
   906   0.2586903E-03
   907   0.2577934E-03
   908   0.2568994E-03
   909   0.2560086E-03
   910   0.2551208E-03
   911   0.2542361E-03
   912   0.2533544E-03
   913   0.2524757E-03
   914   0.2516000E-03
   915   0.2507273E-03
   916   0.2498577E-03
   917   0.2489913E-03
   918   0.2481280E-03
   919   0.2472677E-03
   920   0.2464104E-03
   921   0.2455559E-03
   922   0.2447045E-03
   923   0.2438559E-03
   924   0.2430103E-03
   925   0.2421676E-03
   926   0.2413277E-03
   927   0.2404908E-03
   928   0.2396567E-03
   929   0.2388255E-03
   930   0.2379971E-03
   931   0.2371716E-03
   932   0.2363489E-03
   933   0.2355290E-03
   934   0.2347120E-03
   935   0.2338978E-03
   936   0.2330863E-03
   937   0.2322777E-03
   938   0.2314718E-03
   939   0.2306687E-03
   940   0.2298684E-03
   941   0.2290708E-03
   942   0.2282760E-03
   943   0.2274839E-03
   944   0.2266945E-03
   945   0.2259078E-03
   946   0.2251239E-03
   947   0.2243426E-03
   948   0.2235640E-03
   949   0.2227881E-03
   950   0.2220149E-03
   951   0.2212443E-03
   952   0.2204764E-03
   953   0.2197111E-03
   954   0.2189485E-03
   955   0.2181885E-03
   956   0.2174311E-03
   957   0.2166763E-03
   958   0.2159241E-03
   959   0.2151745E-03
   960   0.2144274E-03
   961   0.2136830E-03
   962   0.2129411E-03
   963   0.2122018E-03
   964   0.2114650E-03
   965   0.2107307E-03
   966   0.2099993E-03
   967   0.2092705E-03
   968   0.2085442E-03
   969   0.2078205E-03
   970   0.2070992E-03
   971   0.2063804E-03
   972   0.2056641E-03
   973   0.2049502E-03
   974   0.2042388E-03
   975   0.2035299E-03
   976   0.2028234E-03
   977   0.2021193E-03
   978   0.2014177E-03
   979   0.2007185E-03
   980   0.2000216E-03
   981   0.1993272E-03
   982   0.1986352E-03
   983   0.1979456E-03
   984   0.1972583E-03
   985   0.1965734E-03
   986   0.1958909E-03
   987   0.1952107E-03
   988   0.1945329E-03
   989   0.1938574E-03
   990   0.1931842E-03
   991   0.1925133E-03
   992   0.1918448E-03
   993   0.1911785E-03
   994   0.1905146E-03
   995   0.1898530E-03
   996   0.1891936E-03
   997   0.1885365E-03
   998   0.1878817E-03
   999   0.1872291E-03
  1000   0.1865789E-03
  1001   0.1859311E-03
  1002   0.1852855E-03
  1003   0.1846422E-03
  1004   0.1840011E-03
  1005   0.1833621E-03
  1006   0.1827254E-03
  1007   0.1820909E-03
  1008   0.1814586E-03
  1009   0.1808284E-03
  1010   0.1802004E-03
  1011   0.1795746E-03
  1012   0.1789510E-03
  1013   0.1783295E-03
  1014   0.1777101E-03
  1015   0.1770929E-03
  1016   0.1764778E-03
  1017   0.1758648E-03
  1018   0.1752540E-03
  1019   0.1746452E-03
  1020   0.1740386E-03
  1021   0.1734340E-03
  1022   0.1728315E-03
  1023   0.1722311E-03
  1024   0.1716328E-03
  1025   0.1710366E-03
  1026   0.1704424E-03
  1027   0.1698502E-03
  1028   0.1692601E-03
  1029   0.1686721E-03
  1030   0.1680861E-03
  1031   0.1675020E-03
  1032   0.1669201E-03
  1033   0.1663401E-03
  1034   0.1657621E-03
  1035   0.1651861E-03
  1036   0.1646121E-03
  1037   0.1640401E-03
  1038   0.1634701E-03
  1039   0.1629020E-03
  1040   0.1623359E-03
  1041   0.1617718E-03
  1042   0.1612096E-03
  1043   0.1606493E-03
  1044   0.1600910E-03
  1045   0.1595346E-03
  1046   0.1589801E-03
  1047   0.1584276E-03
  1048   0.1578770E-03
  1049   0.1573282E-03
  1050   0.1567814E-03
  1051   0.1562364E-03
  1052   0.1556934E-03
  1053   0.1551522E-03
  1054   0.1546128E-03
  1055   0.1540754E-03
  1056   0.1535398E-03
  1057   0.1530060E-03
  1058   0.1524741E-03
  1059   0.1519443E-03
  1060   0.1514162E-03
  1061   0.1508900E-03
  1062   0.1503656E-03
  1063   0.1498430E-03
  1064   0.1493223E-03
  1065   0.1488033E-03
  1066   0.1482861E-03
  1067   0.1477707E-03
  1068   0.1472571E-03
  1069   0.1467453E-03
  1070   0.1462352E-03
  1071   0.1457269E-03
  1072   0.1452204E-03
  1073   0.1447156E-03
  1074   0.1442125E-03
  1075   0.1437112E-03
  1076   0.1432116E-03
  1077   0.1427138E-03
  1078   0.1422177E-03
  1079   0.1417232E-03
  1080   0.1412305E-03
  1081   0.1407396E-03
  1082   0.1402503E-03
  1083   0.1397626E-03
  1084   0.1392767E-03
  1085   0.1387925E-03
  1086   0.1383099E-03
  1087   0.1378290E-03
  1088   0.1373498E-03
  1089   0.1368722E-03
  1090   0.1363963E-03
  1091   0.1359221E-03
  1092   0.1354494E-03
  1093   0.1349784E-03
  1094   0.1345091E-03
  1095   0.1340413E-03
  1096   0.1335752E-03
  1097   0.1331107E-03
  1098   0.1326478E-03
  1099   0.1321865E-03
  1100   0.1317268E-03
  1101   0.1312687E-03
  1102   0.1308122E-03
  1103   0.1303572E-03
  1104   0.1299039E-03
  1105   0.1294521E-03
  1106   0.1290018E-03
  1107   0.1285532E-03
  1108   0.1281060E-03
  1109   0.1276605E-03
  1110   0.1272164E-03
  1111   0.1267739E-03
  1112   0.1263330E-03
  1113   0.1258935E-03
  1114   0.1254556E-03
  1115   0.1250192E-03
  1116   0.1245844E-03
  1117   0.1241510E-03
  1118   0.1237191E-03
  1119   0.1232887E-03
  1120   0.1228598E-03
  1121   0.1224324E-03
  1122   0.1220065E-03
  1123   0.1215821E-03
  1124   0.1211591E-03
  1125   0.1207377E-03
  1126   0.1203178E-03
  1127   0.1198993E-03
  1128   0.1194823E-03
  1129   0.1190667E-03
  1130   0.1186526E-03
  1131   0.1182399E-03
  1132   0.1178286E-03
  1133   0.1174188E-03
  1134   0.1170103E-03
  1135   0.1166033E-03
  1136   0.1161977E-03
  1137   0.1157935E-03
  1138   0.1153907E-03
  1139   0.1149893E-03
  1140   0.1145893E-03
  1141   0.1141907E-03
  1142   0.1137935E-03
  1143   0.1133976E-03
  1144   0.1130031E-03
  1145   0.1126100E-03
  1146   0.1122182E-03
  1147   0.1118278E-03
  1148   0.1114388E-03
  1149   0.1110511E-03
  1150   0.1106647E-03
  1151   0.1102797E-03
  1152   0.1098960E-03
  1153   0.1095136E-03
  1154   0.1091326E-03
  1155   0.1087529E-03
  1156   0.1083745E-03
  1157   0.1079974E-03
  1158   0.1076216E-03
  1159   0.1072472E-03
  1160   0.1068740E-03
  1161   0.1065021E-03
  1162   0.1061315E-03
  1163   0.1057622E-03
  1164   0.1053942E-03
  1165   0.1050274E-03
  1166   0.1046620E-03
  1167   0.1042977E-03
  1168   0.1039348E-03
  1169   0.1035731E-03
  1170   0.1032127E-03
  1171   0.1028535E-03
  1172   0.1024955E-03
  1173   0.1021388E-03
  1174   0.1017834E-03
  1175   0.1014292E-03
  1176   0.1010762E-03
  1177   0.1007244E-03
  1178   0.1003738E-03
  1179   0.1000245E-03
  1180   0.9967635E-04
  1181   0.9932943E-04
  1182   0.9898371E-04
  1183   0.9863919E-04
  1184   0.9829587E-04
  1185   0.9795373E-04
  1186   0.9761279E-04
  1187   0.9727302E-04
  1188   0.9693444E-04
  1189   0.9659703E-04
  1190   0.9626079E-04
  1191   0.9592572E-04
  1192   0.9559181E-04
  1193   0.9525906E-04
  1194   0.9492746E-04
  1195   0.9459702E-04
  1196   0.9426772E-04
  1197   0.9393956E-04
  1198   0.9361255E-04
  1199   0.9328666E-04
  1200   0.9296191E-04
  1201   0.9263833E-04
  1202   0.9231591E-04
  1203   0.9199462E-04
  1204   0.9167443E-04
  1205   0.9135536E-04
  1206   0.9103740E-04
  1207   0.9072054E-04
  1208   0.9040477E-04
  1209   0.9009011E-04
  1210   0.8977653E-04
  1211   0.8946405E-04
  1212   0.8915264E-04
  1213   0.8884232E-04
  1214   0.8853308E-04
  1215   0.8822490E-04
  1216   0.8791780E-04
  1217   0.8761176E-04
  1218   0.8730679E-04
  1219   0.8700287E-04
  1220   0.8670001E-04
  1221   0.8639820E-04
  1222   0.8609744E-04
  1223   0.8579772E-04
  1224   0.8549904E-04
  1225   0.8520140E-04
  1226   0.8490479E-04
  1227   0.8460921E-04
  1228   0.8431465E-04
  1229   0.8402112E-04
  1230   0.8372861E-04
  1231   0.8343711E-04
  1232   0.8314663E-04
  1233   0.8285715E-04
  1234   0.8256868E-04
  1235   0.8228121E-04
  1236   0.8199474E-04
  1237   0.8170926E-04
  1238   0.8142478E-04
  1239   0.8114128E-04
  1240   0.8085876E-04
  1241   0.8057723E-04
  1242   0.8029668E-04
  1243   0.8001709E-04
  1244   0.7973848E-04
  1245   0.7946084E-04
  1246   0.7918416E-04
  1247   0.7890844E-04
  1248   0.7863368E-04
  1249   0.7835988E-04
  1250   0.7808702E-04
  1251   0.7781511E-04
  1252   0.7754415E-04
  1253   0.7727413E-04
  1254   0.7700504E-04
  1255   0.7673689E-04
  1256   0.7646967E-04
  1257   0.7620338E-04
  1258   0.7593801E-04
  1259   0.7567357E-04
  1260   0.7541004E-04
  1261   0.7514743E-04
  1262   0.7488574E-04
  1263   0.7462495E-04
  1264   0.7436506E-04
  1265   0.7410608E-04
  1266   0.7384800E-04
  1267   0.7359082E-04
  1268   0.7333453E-04
  1269   0.7307913E-04
  1270   0.7282461E-04
  1271   0.7257098E-04
  1272   0.7231824E-04
  1273   0.7206637E-04
  1274   0.7181537E-04
  1275   0.7156525E-04
  1276   0.7131600E-04
  1277   0.7106761E-04
  1278   0.7082009E-04
  1279   0.7057342E-04
  1280   0.7032761E-04
  1281   0.7008266E-04
  1282   0.6983856E-04
  1283   0.6959531E-04
  1284   0.6935290E-04
  1285   0.6911133E-04
  1286   0.6887061E-04
  1287   0.6863072E-04
  1288   0.6839166E-04
  1289   0.6815343E-04
  1290   0.6791605E-04
  1291   0.6767953E-04
  1292   0.6744383E-04
  1293   0.6720895E-04
  1294   0.6697489E-04
  1295   0.6674164E-04
  1296   0.6650920E-04
  1297   0.6627756E-04
  1298   0.6604674E-04
  1299   0.6581671E-04
  1300   0.6558749E-04
  1301   0.6535906E-04
  1302   0.6513142E-04
  1303   0.6490457E-04
  1304   0.6467852E-04
  1305   0.6445325E-04
  1306   0.6422876E-04
  1307   0.6400505E-04
  1308   0.6378212E-04
  1309   0.6355996E-04
  1310   0.6333858E-04
  1311   0.6311797E-04
  1312   0.6289812E-04
  1313   0.6267903E-04
  1314   0.6246071E-04
  1315   0.6224315E-04
  1316   0.6202634E-04
  1317   0.6181029E-04
  1318   0.6159498E-04
  1319   0.6138043E-04
  1320   0.6116662E-04
  1321   0.6095355E-04
  1322   0.6074123E-04
  1323   0.6052964E-04
  1324   0.6031879E-04
  1325   0.6010867E-04
  1326   0.5989928E-04
  1327   0.5969062E-04
  1328   0.5948269E-04
  1329   0.5927548E-04
  1330   0.5906899E-04
  1331   0.5886321E-04
  1332   0.5865815E-04
  1333   0.5845381E-04
  1334   0.5825017E-04
  1335   0.5804725E-04
  1336   0.5784502E-04
  1337   0.5764351E-04
  1338   0.5744269E-04
  1339   0.5724257E-04
  1340   0.5704314E-04
  1341   0.5684441E-04
  1342   0.5664637E-04
  1343   0.5644902E-04
  1344   0.5625236E-04
  1345   0.5605638E-04
  1346   0.5586108E-04
  1347   0.5566646E-04
  1348   0.5547251E-04
  1349   0.5527924E-04
  1350   0.5508665E-04
  1351   0.5489472E-04
  1352   0.5470346E-04
  1353   0.5451286E-04
  1354   0.5432293E-04
  1355   0.5413366E-04
  1356   0.5394505E-04
  1357   0.5375709E-04
  1358   0.5356979E-04
  1359   0.5338313E-04
  1360   0.5319713E-04
  1361   0.5301177E-04
  1362   0.5282706E-04
  1363   0.5264299E-04
  1364   0.5245956E-04
  1365   0.5227677E-04
  1366   0.5209462E-04
  1367   0.5191310E-04
  1368   0.5173221E-04
  1369   0.5155194E-04
  1370   0.5137231E-04
  1371   0.5119330E-04
  1372   0.5101491E-04
  1373   0.5083715E-04
  1374   0.5066000E-04
  1375   0.5048347E-04
  1376   0.5030755E-04
  1377   0.5013225E-04
  1378   0.4995755E-04
  1379   0.4978346E-04
  1380   0.4960998E-04
  1381   0.4943710E-04
  1382   0.4926482E-04
  1383   0.4909314E-04
  1384   0.4892206E-04
  1385   0.4875158E-04
  1386   0.4858169E-04
  1387   0.4841238E-04
  1388   0.4824367E-04
  1389   0.4807555E-04
  1390   0.4790800E-04
  1391   0.4774105E-04
  1392   0.4757467E-04
  1393   0.4740887E-04
  1394   0.4724365E-04
  1395   0.4707900E-04
  1396   0.4691493E-04
  1397   0.4675143E-04
  1398   0.4658851E-04
  1399   0.4642617E-04
  1400   0.4626439E-04
  1401   0.4610318E-04
  1402   0.4594253E-04
  1403   0.4578244E-04
  1404   0.4562291E-04
  1405   0.4546393E-04
  1406   0.4530550E-04
  1407   0.4514763E-04
  1408   0.4499030E-04
  1409   0.4483352E-04
  1410   0.4467729E-04
  1411   0.4452160E-04
  1412   0.4436645E-04
  1413   0.4421185E-04
  1414   0.4405778E-04
  1415   0.4390424E-04
  1416   0.4375124E-04
  1417   0.4359877E-04
  1418   0.4344684E-04
  1419   0.4329543E-04
  1420   0.4314455E-04
  1421   0.4299419E-04
  1422   0.4284436E-04
  1423   0.4269504E-04
  1424   0.4254625E-04
  1425   0.4239798E-04
  1426   0.4225022E-04
  1427   0.4210297E-04
  1428   0.4195624E-04
  1429   0.4181002E-04
  1430   0.4166431E-04
  1431   0.4151910E-04
  1432   0.4137440E-04
  1433   0.4123020E-04
  1434   0.4108651E-04
  1435   0.4094331E-04
  1436   0.4080061E-04
  1437   0.4065841E-04
  1438   0.4051671E-04
  1439   0.4037550E-04
  1440   0.4023477E-04
  1441   0.4009454E-04
  1442   0.3995480E-04
  1443   0.3981554E-04
  1444   0.3967677E-04
  1445   0.3953848E-04
  1446   0.3940067E-04
  1447   0.3926334E-04
  1448   0.3912649E-04
  1449   0.3899012E-04
  1450   0.3885422E-04
  1451   0.3871879E-04
  1452   0.3858384E-04
  1453   0.3844935E-04
  1454   0.3831534E-04
  1455   0.3818179E-04
  1456   0.3804870E-04
  1457   0.3791608E-04
  1458   0.3778392E-04
  1459   0.3765221E-04
  1460   0.3752097E-04
  1461   0.3739019E-04
  1462   0.3725986E-04
  1463   0.3712998E-04
  1464   0.3700055E-04
  1465   0.3687158E-04
  1466   0.3674305E-04
  1467   0.3661498E-04
  1468   0.3648734E-04
  1469   0.3636016E-04
  1470   0.3623341E-04
  1471   0.3610711E-04
  1472   0.3598124E-04
  1473   0.3585582E-04
  1474   0.3573083E-04
  1475   0.3560627E-04
  1476   0.3548215E-04
  1477   0.3535846E-04
  1478   0.3523521E-04
  1479   0.3511238E-04
  1480   0.3498998E-04
  1481   0.3486800E-04
  1482   0.3474645E-04
  1483   0.3462532E-04
  1484   0.3450462E-04
  1485   0.3438433E-04
  1486   0.3426447E-04
  1487   0.3414502E-04
  1488   0.3402598E-04
  1489   0.3390737E-04
  1490   0.3378916E-04
  1491   0.3367137E-04
  1492   0.3355398E-04
  1493   0.3343701E-04
  1494   0.3332044E-04
  1495   0.3320428E-04
  1496   0.3308852E-04
  1497   0.3297316E-04
  1498   0.3285821E-04
  1499   0.3274366E-04
  1500   0.3262950E-04
  1501   0.3251575E-04
  1502   0.3240239E-04
  1503   0.3228942E-04
  1504   0.3217685E-04
  1505   0.3206467E-04
  1506   0.3195288E-04
  1507   0.3184148E-04
  1508   0.3173047E-04
  1509   0.3161984E-04
  1510   0.3150960E-04
  1511   0.3139974E-04
  1512   0.3129027E-04
  1513   0.3118118E-04
  1514   0.3107246E-04
  1515   0.3096413E-04
  1516   0.3085617E-04
  1517   0.3074859E-04
  1518   0.3064138E-04
  1519   0.3053455E-04
  1520   0.3042809E-04
  1521   0.3032200E-04
  1522   0.3021628E-04
  1523   0.3011093E-04
  1524   0.3000594E-04
  1525   0.2990132E-04
  1526   0.2979707E-04
  1527   0.2969317E-04
  1528   0.2958964E-04
  1529   0.2948647E-04
  1530   0.2938366E-04
  1531   0.2928121E-04
  1532   0.2917912E-04
  1533   0.2907740E-04
  1534   0.2897603E-04
  1535   0.2887501E-04
  1536   0.2877434E-04
  1537   0.2867403E-04
  1538   0.2857406E-04
  1539   0.2847444E-04
  1540   0.2837517E-04
  1541   0.2827625E-04
  1542   0.2817767E-04
  1543   0.2807943E-04
  1544   0.2798154E-04
  1545   0.2788398E-04
  1546   0.2778677E-04
  1547   0.2768989E-04
  1548   0.2759335E-04
  1549   0.2749715E-04
  1550   0.2740128E-04
  1551   0.2730575E-04
  1552   0.2721055E-04
  1553   0.2711568E-04
  1554   0.2702114E-04
  1555   0.2692693E-04
  1556   0.2683305E-04
  1557   0.2673949E-04
  1558   0.2664627E-04
  1559   0.2655336E-04
  1560   0.2646078E-04
  1561   0.2636852E-04
  1562   0.2627659E-04
  1563   0.2618497E-04
  1564   0.2609367E-04
  1565   0.2600269E-04
  1566   0.2591203E-04
  1567   0.2582168E-04
  1568   0.2573165E-04
  1569   0.2564193E-04
  1570   0.2555253E-04
  1571   0.2546343E-04
  1572   0.2537465E-04
  1573   0.2528617E-04
  1574   0.2519800E-04
  1575   0.2511014E-04
  1576   0.2502259E-04
  1577   0.2493534E-04
  1578   0.2484840E-04
  1579   0.2476176E-04
  1580   0.2467541E-04
  1581   0.2458938E-04
  1582   0.2450364E-04
  1583   0.2441819E-04
  1584   0.2433305E-04
  1585   0.2424820E-04
  1586   0.2416365E-04
  1587   0.2407939E-04
  1588   0.2399543E-04
  1589   0.2391176E-04
  1590   0.2382838E-04
  1591   0.2374529E-04
  1592   0.2366249E-04
  1593   0.2357998E-04
  1594   0.2349776E-04
  1595   0.2341582E-04
  1596   0.2333417E-04
  1597   0.2325280E-04
  1598   0.2317172E-04
  1599   0.2309092E-04
  1600   0.2301040E-04
  1601   0.2293016E-04
  1602   0.2285020E-04
  1603   0.2277051E-04
  1604   0.2269111E-04
  1605   0.2261198E-04
  1606   0.2253313E-04
  1607   0.2245456E-04
  1608   0.2237625E-04
  1609   0.2229822E-04
  1610   0.2222046E-04
  1611   0.2214298E-04
  1612   0.2206576E-04
  1613   0.2198881E-04
  1614   0.2191213E-04
  1615   0.2183572E-04
  1616   0.2175957E-04
  1617   0.2168369E-04
  1618   0.2160807E-04
  1619   0.2153272E-04
  1620   0.2145762E-04
  1621   0.2138280E-04
  1622   0.2130823E-04
  1623   0.2123392E-04
  1624   0.2115987E-04
  1625   0.2108607E-04
  1626   0.2101254E-04
  1627   0.2093926E-04
  1628   0.2086624E-04
  1629   0.2079347E-04
  1630   0.2072095E-04
  1631   0.2064869E-04
  1632   0.2057668E-04
  1633   0.2050492E-04
  1634   0.2043341E-04
  1635   0.2036215E-04
  1636   0.2029113E-04
  1637   0.2022037E-04
  1638   0.2014985E-04
  1639   0.2007958E-04
  1640   0.2000955E-04
  1641   0.1993976E-04
  1642   0.1987022E-04
  1643   0.1980092E-04
  1644   0.1973187E-04
  1645   0.1966305E-04
  1646   0.1959447E-04
  1647   0.1952614E-04
  1648   0.1945804E-04
  1649   0.1939017E-04
  1650   0.1932255E-04
  1651   0.1925516E-04
  1652   0.1918800E-04
  1653   0.1912108E-04
  1654   0.1905439E-04
  1655   0.1898794E-04
  1656   0.1892171E-04
  1657   0.1885572E-04
  1658   0.1878996E-04
  1659   0.1872442E-04
  1660   0.1865912E-04
  1661   0.1859404E-04
  1662   0.1852919E-04
  1663   0.1846457E-04
  1664   0.1840017E-04
  1665   0.1833601E-04
  1666   0.1827206E-04
  1667   0.1820834E-04
  1668   0.1814484E-04
  1669   0.1808156E-04
  1670   0.1801850E-04
  1671   0.1795566E-04
  1672   0.1789304E-04
  1673   0.1783064E-04
  1674   0.1776845E-04
  1675   0.1770648E-04
  1676   0.1764473E-04
  1677   0.1758319E-04
  1678   0.1752187E-04
  1679   0.1746076E-04
  1680   0.1739987E-04
  1681   0.1733918E-04
  1682   0.1727871E-04
  1683   0.1721845E-04
  1684   0.1715840E-04
  1685   0.1709856E-04
  1686   0.1703892E-04
  1687   0.1697950E-04
  1688   0.1692028E-04
  1689   0.1686127E-04
  1690   0.1680246E-04
  1691   0.1674386E-04
  1692   0.1668546E-04
  1693   0.1662727E-04
  1694   0.1656927E-04
  1695   0.1651149E-04
  1696   0.1645390E-04
  1697   0.1639651E-04
  1698   0.1633932E-04
  1699   0.1628234E-04
  1700   0.1622555E-04
  1701   0.1616896E-04
  1702   0.1611256E-04
  1703   0.1605636E-04
  1704   0.1600036E-04
  1705   0.1594456E-04
  1706   0.1588894E-04
  1707   0.1583353E-04
  1708   0.1577830E-04
  1709   0.1572327E-04
  1710   0.1566843E-04
  1711   0.1561378E-04
  1712   0.1555932E-04
  1713   0.1550505E-04
  1714   0.1545097E-04
  1715   0.1539708E-04
  1716   0.1534337E-04
  1717   0.1528986E-04
  1718   0.1523653E-04
  1719   0.1518338E-04
  1720   0.1513042E-04
  1721   0.1507765E-04
  1722   0.1502506E-04
  1723   0.1497265E-04
  1724   0.1492043E-04
  1725   0.1486839E-04
  1726   0.1481652E-04
  1727   0.1476484E-04
  1728   0.1471334E-04
  1729   0.1466202E-04
  1730   0.1461088E-04
  1731   0.1455992E-04
  1732   0.1450913E-04
  1733   0.1445852E-04
  1734   0.1440809E-04
  1735   0.1435783E-04
  1736   0.1430775E-04
  1737   0.1425784E-04
  1738   0.1420811E-04
  1739   0.1415855E-04
  1740   0.1410917E-04
  1741   0.1405995E-04
  1742   0.1401091E-04
  1743   0.1396203E-04
  1744   0.1391333E-04
  1745   0.1386480E-04
  1746   0.1381644E-04
  1747   0.1376824E-04
  1748   0.1372022E-04
  1749   0.1367236E-04
  1750   0.1362467E-04
  1751   0.1357714E-04
  1752   0.1352978E-04
  1753   0.1348258E-04
  1754   0.1343555E-04
  1755   0.1338869E-04
  1756   0.1334198E-04
  1757   0.1329544E-04
  1758   0.1324907E-04
  1759   0.1320285E-04
  1760   0.1315679E-04
  1761   0.1311090E-04
  1762   0.1306516E-04
  1763   0.1301959E-04
  1764   0.1297417E-04
  1765   0.1292891E-04
  1766   0.1288381E-04
  1767   0.1283887E-04
  1768   0.1279408E-04
  1769   0.1274945E-04
  1770   0.1270498E-04
  1771   0.1266066E-04
  1772   0.1261649E-04
  1773   0.1257248E-04
  1774   0.1252862E-04
  1775   0.1248492E-04
  1776   0.1244136E-04
  1777   0.1239796E-04
  1778   0.1235471E-04
  1779   0.1231162E-04
  1780   0.1226867E-04
  1781   0.1222587E-04
  1782   0.1218322E-04
  1783   0.1214072E-04
  1784   0.1209837E-04
  1785   0.1205616E-04
  1786   0.1201410E-04
  1787   0.1197219E-04
  1788   0.1193043E-04
  1789   0.1188881E-04
  1790   0.1184733E-04
  1791   0.1180600E-04
  1792   0.1176482E-04
  1793   0.1172377E-04
  1794   0.1168287E-04
  1795   0.1164212E-04
  1796   0.1160150E-04
  1797   0.1156103E-04
  1798   0.1152070E-04
  1799   0.1148051E-04
  1800   0.1144046E-04
  1801   0.1140055E-04
  1802   0.1136077E-04
  1803   0.1132114E-04
  1804   0.1128165E-04
  1805   0.1124229E-04
  1806   0.1120307E-04
  1807   0.1116398E-04
  1808   0.1112504E-04
  1809   0.1108622E-04
  1810   0.1104755E-04
  1811   0.1100901E-04
  1812   0.1097060E-04
  1813   0.1093233E-04
  1814   0.1089419E-04
  1815   0.1085618E-04
  1816   0.1081831E-04
  1817   0.1078056E-04
  1818   0.1074295E-04
  1819   0.1070547E-04
  1820   0.1066813E-04
  1821   0.1063091E-04
  1822   0.1059382E-04
  1823   0.1055686E-04
  1824   0.1052003E-04
  1825   0.1048333E-04
  1826   0.1044675E-04
  1827   0.1041031E-04
  1828   0.1037399E-04
  1829   0.1033779E-04
  1830   0.1030173E-04
  1831   0.1026579E-04
  1832   0.1022997E-04
  1833   0.1019428E-04
  1834   0.1015871E-04
  1835   0.1012327E-04
  1836   0.1008795E-04
  1837   0.1005276E-04
  1838   0.1001769E-04
  1839   0.9982735E-05
